label,prob
1,0.9905793762965378
1,0.8886231699769038
1,0.9965680684863584
1,0.18039844691154353
1,0.9147120762086509
1,0.9960186289037536
1,0.9999780904414913
1,0.9712593619865297
1,0.11884765073188057
1,0.9996194206017902
1,0.9797516638126137
1,0.8594251796392409
1,0.9940234096849214
1,0.9658178468597396
1,0.8617850510392828
1,0.8818606169990921
1,0.9606041603921975
1,0.9941816929357
1,0.020130983641597554
1,0.7722292681330131
1,0.48564354584629743
1,0.9343798140185011
1,0.9719788503402087
1,0.3929859957692389
1,0.9994548273277446
1,0.9847195519138736
1,0.9982446669597786
1,0.8067334689701763
1,0.9690577883114919
1,0.9870196306080038
1,0.8695991115082233
1,0.607932985559968
1,0.9674270631792463
1,0.0579377063942034
1,0.9058798685095588
1,0.9969762914889749
1,0.9558982690494866
-1,0.019431216992848926
-1,1.7328717070883142E-10
-1,1.8679979806712183E-13
-1,0.8794914711010348
-1,4.9674116711790655E-11
-1,1.94205077881772E-6
-1,0.006810729987647806
-1,4.360893863308926E-6
-1,0.056979482560809744
-1,4.98275984511445E-9
-1,1.2671586414286629E-7
-1,3.770897540567973E-12
-1,9.885513799531063E-6
-1,0.004276023849905827
-1,1.9805716704028594E-9
-1,1.2988074908635882E-13
-1,3.422699908055649E-11
-1,1.1209902767452488E-6
-1,4.129715203019808E-14
-1,0.9385210915906381
-1,3.0993035415213746E-10
-1,3.00000089999998E-14
-1,2.904793316154523E-9
-1,7.29124295783829E-11
-1,1.4054650112182539E-8
-1,3.00000089999998E-14
-1,0.061075189414133146
-1,1.858940538313884E-11
-1,4.770282613683818E-7
-1,2.2132173235277714E-9
-1,2.1741517373518106E-8
-1,4.0196277241154373E-8
-1,0.6993628502231471
-1,1.5616643875028027E-8
-1,1.8968680791562133E-10
-1,3.7408091469884634E-7
-1,2.9637045001347496E-9
-1,4.535657653782313E-6
-1,1.6271292192396245E-10
-1,1.4987972881803315E-8
-1,0.6767296829732982
-1,6.55109715967181E-11
-1,2.1477265616398114E-8
-1,5.48499366276286E-7
-1,0.24965269579912955
-1,4.468867597262923E-12
-1,0.07939252175502458
-1,6.339819500086097E-10
-1,9.302084586609555E-7
-1,6.651556389837077E-11
-1,7.175239856234159E-9
-1,1.251461676490999E-7
-1,2.221618321751815E-6
-1,4.017828177447679E-6
-1,6.213181939234883E-14
-1,2.2128916246246605E-13
-1,1.824136976711524E-12
-1,0.011271821697146267
-1,0.013474789623920786
-1,8.203135041033423E-7
-1,5.1162195867144154E-9
-1,0.019960259408749285
-1,0.24606998328213628
-1,0.004312177442889806
-1,0.03578393748144788
-1,1.4027495770315558E-12
-1,1.1723434143464604E-5
-1,1.553967532183749E-11
-1,3.929435879793755E-6
-1,0.012466653591608413
-1,1.832620514013619E-5
-1,4.023309179950446E-11
-1,2.0363530539993566E-11
-1,2.7215206661747804E-8
-1,0.9843513145418393
-1,3.00000089999998E-14
-1,1.2174267055970614E-10
-1,0.5349517355398531
-1,1.9817800559512763E-8
-1,0.005157988554262168
-1,3.00000089999998E-14
-1,0.27823988777390546
-1,7.099888050615997E-14
-1,0.2438324870979838
-1,0.8019053164205306
-1,3.2650975459627566E-7
-1,2.8156185697167306E-8
-1,7.812945458547933E-6
-1,1.246791155545384E-6
-1,3.00000089999998E-14
-1,9.402803258636946E-8
-1,8.573845586766102E-8
-1,3.2533848656496643E-10
-1,0.6844910160060074
-1,9.631682835004117E-13
-1,1.0471810865296824E-11
-1,0.004785065571412079
-1,1.181056266063659E-13
-1,2.2906026501093235E-8
-1,0.31038144370516885
-1,1.0348928861890841E-7
-1,9.724510646345824E-8
-1,3.3413966299389224E-13
-1,2.4903875001180306E-7
-1,5.726379766825553E-13
-1,7.008317722261756E-11
-1,5.527295638810123E-7
-1,0.24047866443754728
-1,2.055739575338014E-7
-1,3.00000089999998E-14
-1,1.644953963400435E-12
-1,0.09161663407215301
-1,7.758366377744132E-9
-1,1.1248256974089317E-8
-1,1.5655221234997558E-7
-1,5.880919026428249E-9
-1,6.067781353998043E-8
-1,9.086081374483745E-7
-1,2.315409660427049E-7
-1,0.0048023125645850935
-1,0.003323007327580602
-1,3.3445464839558816E-8
-1,3.00000089999998E-14
-1,1.8315044478524705E-7
-1,0.022317096446141643
1,0.9979180944250495
1,0.9811813729208182
1,0.9997649799532891
1,0.9972948739637355
1,0.995962309354247
1,0.41890873183259025
1,0.8338049055503418
1,0.8947541841574174
1,0.12603198837704907
1,0.978413461260181
1,0.9729169016394416
1,0.9992846047973202
1,0.9226750736108594
1,0.7613431782005241
1,0.008454675134458366
1,0.9599038506696299
1,0.9959224398642748
1,0.6064994832915346
1,0.6891899013357755
1,0.9625272699794795
1,0.9949135414618423
1,0.9570978844478742
1,0.9884890655126274
1,0.9683229519909101
1,0.9903633090868968
1,0.3162651396295261
1,0.9943242349660901
1,0.5358419497330978
1,0.7006741351686694
1,0.9719877291970599
1,0.028823676904953605
1,0.2193918467249611
1,0.9986926722325618
1,0.9919758866332568
1,0.9165308005351386
1,0.9977330932257389
1,0.36190956834585897
-1,0.09545737193901528
-1,4.404383203372581E-13
-1,1.3269497256205147E-9
-1,0.9577054566665066
-1,3.00000089999998E-14
-1,1.2810808819540721E-8
-1,0.014521867347025817
-1,8.774496784525699E-8
-1,0.009648396856825465
-1,0.00763760424255745
-1,0.007016891480525506
-1,3.011435276475293E-10
-1,3.672959651252995E-10
-1,1.7373809696451444E-10
-1,1.0761642265353319E-8
-1,7.451152723878066E-11
-1,0.07782904425082447
-1,3.00000089999998E-14
-1,0.19691841910422744
-1,3.00000089999998E-14
-1,0.008108644563202313
-1,1.2736983845957094E-10
-1,4.598259796635737E-10
-1,1.4837506067436499E-6
-1,9.144356630456622E-12
-1,1.993768474920705E-6
-1,0.0027999567781201583
-1,7.308408093312444E-6
-1,0.15912464912109917
-1,1.869422337228522E-9
-1,4.865423161669588E-7
-1,3.00000089999998E-14
-1,8.91277318556378E-11
-1,0.013308360429580208
-1,3.00000089999998E-14
-1,1.7742516549338545E-12
-1,2.24228828096603E-8
-1,1.7841246715315608E-5
-1,4.176723792347273E-10
-1,2.6302036702011146E-11
-1,0.030082176042977575
-1,0.08103533429762765
-1,9.320450151781899E-13
-1,1.3913644367549409E-6
-1,4.56865882906633E-7
-1,3.00000089999998E-14
-1,8.262703555977101E-7
-1,1.1337924692704308E-10
-1,0.003024078308615829
-1,3.2292637452635757E-7
-1,1.6536623701111735E-11
-1,2.50517119993216E-7
-1,4.0191785413664324E-13
-1,6.489227893959466E-7
-1,1.6426362896453642E-13
-1,0.005691860129007673
-1,3.00000089999998E-14
-1,1.6410845774715825E-9
-1,2.074844833583397E-7
-1,0.46333517803710605
-1,3.00000089999998E-14
-1,1.1963486183178842E-7
-1,0.321645823733146
-1,1.283116506366656E-7
-1,0.10300766407911084
-1,0.27946906157029805
-1,0.0178264893791825
-1,3.00000089999998E-14
-1,7.341453066883977E-14
-1,6.546935339720485E-14
-1,9.413122691209832E-10
-1,2.686169066390833E-10
-1,9.773359386437564E-6
-1,3.504247374627899E-10
-1,3.5420620513134693E-10
-1,1.84480733841691E-11
-1,0.003773601607864342
-1,7.837511705032482E-12
-1,1.0561372439883857E-9
-1,0.0036003307672737455
-1,0.02491237177425655
-1,9.013648623433495E-11
-1,2.640839627690923E-7
-1,1.2946883813992318E-5
-1,2.4646176437966276E-7
-1,0.06309738095573302
-1,0.12847112199412508
-1,1.6828403163597687E-6
-1,1.7608143807424417E-8
-1,5.307713532782463E-14
-1,0.04338200422120753
-1,3.00000089999998E-14
-1,0.9784061002626926
-1,1.4151710772322214E-7
-1,0.013052314119208172
-1,6.421641085954464E-9
-1,0.0047474751544391135
-1,3.692883460484192E-9
-1,0.10310564998566489
-1,3.00000089999998E-14
-1,3.00000089999998E-14
-1,6.436792826677979E-6
-1,1.996486085454325E-8
-1,9.20945742513755E-6
-1,3.6949769768462363E-14
-1,4.906366660461423E-8
-1,0.10781267761984817
-1,2.5488834530019072E-8
-1,6.825534135298158E-8
-1,8.489066888014601E-8
-1,1.7790324692122075E-12
-1,1.6698711327183452E-7
-1,7.010050424425766E-14
-1,1.9011890553055573E-10
-1,3.00000089999998E-14
-1,2.654228756680261E-8
-1,0.07781192019543305
-1,2.4824469051046255E-9
-1,0.006571017678803626
-1,1.2163379637990125E-11
-1,0.005653651925953053
-1,1.3613774144851665E-8
-1,0.18403201719059945
-1,1.2334268600867267E-12
-1,5.500590298529882E-9
1,0.9902319809722087
1,0.8547446053511554
1,0.9707467797448358
1,0.9411358156242341
1,0.9997764887327936
1,0.9998110286115447
1,0.970865703915092
1,0.9730562288044653
1,0.6576151657243624
1,0.9976643620642062
1,0.9941014670146573
1,1.3782353617639955E-8
1,0.5
1,0.003265565924554157
1,0.9984226221431962
1,0.9854429290480854
1,0.9165220654232773
1,0.9366314120536071
1,0.9963343149547892
1,0.9968762816148061
1,0.8642343958035602
1,0.9912933212484376
1,0.9908141279375446
1,0.9981432635081595
1,0.998153373721225
1,0.87992430571877
1,0.943035810973286
1,0.02824499395645598
1,0.89104927325316
1,0.9982517269980908
1,0.9938345335733304
1,0.7121732073736305
1,0.9915953863062844
1,0.9980154984908902
1,0.9977487604506502
1,0.9062988421790871
1,0.9894384428467228
-1,1.6575729266821677E-5
-1,4.0393898076505684E-7
-1,0.0631795860192127
-1,7.045649540248203E-13
-1,7.215523746011272E-12
-1,0.006319840381490279
-1,0.3154358570864537
-1,0.050051796986691335
-1,1.4624826343744583E-6
-1,3.0487739055207123E-6
-1,7.027393349067291E-9
-1,0.03050571005757711
-1,0.005044203958465846
-1,0.7621873913890705
-1,0.3983393302792943
-1,0.014049732179821193
-1,1.659389497108071E-6
-1,3.5248036838280295E-11
-1,9.242448080874947E-7
-1,0.003438358366304221
-1,0.1928548712293832
-1,3.748646401747951E-8
-1,3.602538006821616E-8
-1,0.02084584949595419
-1,1.1095929874095814E-10
-1,0.012586023217591615
-1,3.00000089999998E-14
-1,4.120449417092762E-12
-1,2.179225678521928E-10
-1,0.04322726950613283
-1,2.929548972328441E-9
-1,4.683566733199487E-6
-1,3.00000089999998E-14
-1,5.30849331217455E-12
-1,3.560529771903835E-8
-1,5.377398387591532E-13
-1,1.4740930052532583E-8
-1,2.750487687923684E-10
-1,2.7315817004108917E-7
-1,0.5324784282620991
-1,0.01811484560749819
-1,4.6749758498189403E-7
-1,3.3257981521271895E-14
-1,3.5012028798291694E-12
-1,0.024165222759275008
-1,6.408653762257657E-14
-1,5.126953912014768E-9
-1,1.8444014187952787E-11
-1,6.7397783749106136E-9
-1,1.0679034662614147E-10
-1,2.2284693020896308E-13
-1,5.122660476969084E-11
-1,0.39125102181659444
-1,7.452887740365372E-14
-1,2.1770651791676303E-7
-1,1.8633409123194498E-12
-1,8.985142628596246E-9
-1,7.696908754081853E-6
-1,7.548279304405725E-12
-1,3.503599538866213E-7
-1,0.003604493454853704
-1,3.00000089999998E-14
-1,4.7502235907018957E-8
-1,6.148936175770817E-12
-1,7.116629658769389E-13
-1,0.3387316686887368
-1,9.303981125272902E-10
-1,1.1102543478327292E-9
-1,0.640064842355902
-1,1.8786664974205755E-7
-1,2.3818884640437227E-7
-1,6.744122389510191E-6
-1,4.0273448739810324E-10
-1,1.4091286993161105E-7
-1,3.00000089999998E-14
-1,4.343784543619399E-8
-1,0.5
-1,5.0358823036322725E-14
-1,5.5299941727912185E-12
-1,0.0158737276238024
-1,1.329733097673381E-5
-1,2.887242770044796E-8
-1,1.3202140321182302E-13
-1,1.7444950155513915E-8
-1,0.33958258264008273
-1,0.06710767440927783
-1,3.3346841216109134E-12
-1,0.14555470858560787
-1,3.6042000411159743E-6
-1,5.067796515955318E-7
-1,2.9663391289441863E-8
-1,6.932082638751728E-10
-1,2.7965871115054675E-8
-1,0.0030785127668356564
-1,0.015336677905875165
-1,3.104882315951957E-8
-1,2.662857745424951E-8
-1,3.161901744773362E-11
-1,3.377904547410747E-6
-1,1.7975847449731029E-6
-1,3.225006772689062E-6
-1,6.330471569662244E-6
-1,9.148860629638978E-7
-1,0.009283494059577119
-1,1.2290385985225059E-8
-1,0.0032466494419258226
-1,6.456179092819425E-8
-1,8.811575922003653E-9
-1,7.139895873364027E-8
-1,2.380377403083889E-6
-1,6.836670182758289E-14
-1,1.3160700003937876E-10
-1,8.065450936039916E-9
-1,2.892977673059583E-10
-1,0.0027560523077040495
-1,3.72521353466528E-10
-1,7.98565781237474E-9
-1,5.966137995568875E-6
-1,3.784266453864399E-11
-1,0.023577148388173885
-1,1.4007599445919951E-13
-1,0.009020006785075486
-1,3.228899520190115E-8
-1,2.936422532049658E-6
-1,8.141187841137842E-8
1,0.9812885813751352
1,0.9908333109725327
1,0.9722869534343274
1,0.670799362469805
1,0.5430121197334266
1,0.8377933998568108
1,0.8528254613732259
1,0.4301409641953946
1,0.1334040977683877
1,0.9904360300307808
1,0.8778891179598263
1,0.9999470745538517
1,0.6673996958807737
1,0.08829494749877538
1,0.9988051016399799
1,0.9189931779851441
1,0.9996126472337153
1,0.9972840638636921
1,0.9978432601374342
1,0.9836821305337093
1,0.9998557454098376
1,0.9863640184053096
1,0.9996550583515521
1,0.9709578034109584
1,0.9478204893890835
1,0.8984725210060078
1,0.9257326331834209
1,0.9961165276894266
1,0.9641137807612012
1,0.9868578457775256
1,0.9976751912113228
1,0.9946860950046871
1,0.4303497507086165
1,0.9899774252910889
1,0.9977627117506755
1,7.949009290815014E-8
1,0.9986987890469208
-1,0.0026714204980458414
-1,1.7005092893405668E-7
-1,0.18269081646143415
-1,3.00000089999998E-14
-1,0.0030441534284264852
-1,1.7226951582702105E-13
-1,9.641855645964915E-13
-1,0.0048489043479492625
-1,1.607989333837213E-11
-1,3.00000089999998E-14
-1,0.5240876603652138
-1,2.8162292001497024E-9
-1,2.396978472485825E-9
-1,2.5740144491005154E-8
-1,0.019219927659361435
-1,6.446388012576706E-14
-1,0.0054334854990553605
-1,7.949144916830473E-6
-1,6.606907100630484E-7
-1,0.13829521398798264
-1,0.022938497179575468
-1,0.030890132784940613
-1,6.725875508500051E-10
-1,1.7880969813342668E-8
-1,9.582321232923768E-13
-1,3.00000089999998E-14
-1,0.9117845803702307
-1,3.9269951078306975E-9
-1,1.450574614951072E-9
-1,6.4458663670648145E-9
-1,0.09414614339849776
-1,2.1626037627962913E-10
-1,2.087508272677976E-13
-1,3.00000089999998E-14
-1,1.040314321004815E-6
-1,0.05259193693667669
-1,4.8496262778225254E-11
-1,1.384764259853646E-12
-1,2.471309336968868E-8
-1,2.1757012076129227E-9
-1,1.3076675082025695E-12
-1,3.141106270077547E-13
-1,5.180811592623821E-10
-1,8.468600596612172E-6
-1,1.5626065582962404E-8
-1,3.2104011345510305E-10
-1,0.20157667259616568
-1,4.0875546434875657E-10
-1,2.6353688739161027E-12
-1,0.07462456311427267
-1,2.8766781773032055E-8
-1,0.15896000693329507
-1,3.00000089999998E-14
-1,4.2946981971709785E-12
-1,3.816164326531754E-7
-1,0.003027729103285256
-1,2.3536410736513344E-12
-1,5.5973745288491845E-11
-1,0.06474755787599522
-1,1.354718406734963E-8
-1,3.00000089999998E-14
-1,1.398290077275061E-12
-1,5.538462758186538E-7
-1,9.862428658894672E-8
-1,9.685586303095336E-14
-1,0.5
-1,1.6486867810001213E-7
-1,2.3655651252725293E-6
-1,0.9771997418433181
-1,7.490054365436144E-9
-1,0.010489842172943487
-1,3.00000089999998E-14
-1,4.8854796152218125E-8
-1,2.6856397296511664E-9
-1,1.7218778902383868E-9
-1,1.1691543673700396E-5
-1,3.00000089999998E-14
-1,3.00000089999998E-14
-1,3.6280264341404074E-10
-1,4.090544444569059E-6
-1,0.027938922661232587
-1,1.1042683072575629E-13
-1,0.2878727007848937
-1,0.012957232864904038
-1,8.285188550364139E-11
-1,2.6180424780858185E-13
-1,1.2930257971884955E-12
-1,0.6770473733309802
-1,7.296035759650535E-12
-1,5.304456333216973E-6
-1,3.870668328021945E-10
-1,8.020699730177472E-7
-1,2.730751498599645E-9
-1,4.6149749335854525E-6
-1,0.053299745587726634
-1,2.9244537286784878E-12
-1,0.6394881495935717
-1,0.03915425923757522
-1,3.9300084569094154E-11
-1,1.7507999364281286E-7
-1,4.069009108090299E-8
-1,0.9897129721225671
-1,6.518109304530331E-12
-1,0.06576991825819338
-1,2.969229929242127E-8
-1,0.9733192725516995
-1,0.10851470904851536
-1,9.167149970147317E-6
-1,6.2977954221114666E-12
-1,1.5545236082026222E-12
-1,1.8979226254591308E-5
-1,7.382375350798758E-8
-1,0.0322995242872761
-1,4.060953366581313E-8
-1,1.6188632855515059E-6
-1,2.1925203745311254E-6
-1,0.02766635636857366
-1,2.0477063608787587E-9
-1,3.928981734949428E-8
-1,0.9036770146381357
-1,0.07711012221638414
-1,0.04975705368335004
-1,9.164231467294723E-12
-1,2.1591004973165284E-6
-1,3.00000089999998E-14
1,0.9994593147776837
1,0.9996849102334169
1,0.9967670817999198
1,0.98471112837899
1,0.5637866500962315
1,0.9961232978328699
1,0.40017852506484985
1,0.9983978734699626
1,0.023279423532010807
1,0.9949415754071239
1,0.999641551574276
1,0.935081067091524
1,0.9976406762563763
1,0.8754744997852871
1,0.39157923469612405
1,0.9475240426606868
1,0.9920558079322805
1,0.9523472963451574
1,0.9767240403052047
1,0.799577204574156
1,0.9978460883916024
1,0.4042093663171915
1,0.6448377290278681
1,0.7437459376365564
1,0.9815412487597336
1,0.9776085554656532
1,0.9709863390576046
1,0.9698530980764221
1,0.0027334048965030272
1,0.9846312631541942
1,0.15077858436561847
1,0.9995265401377387
1,0.9945935219811527
1,0.9446774268534871
1,0.8958588360107592
1,0.9517450657974555
1,0.9902204507984022
-1,0.029400395144882466
-1,3.00000089999998E-14
-1,7.323287880678029E-6
-1,3.0066702298465563E-6
-1,1.638606784598443E-7
-1,0.9770083361285303
-1,6.634073739238385E-9
-1,0.004321745801905167
-1,0.0037070537595651734
-1,2.3920622263469302E-12
-1,4.2210818614928383E-11
-1,2.5496007474574767E-11
-1,1.2838497812495346E-12
-1,0.15105549314246428
-1,0.011500467959734145
-1,0.0060631081588189565
-1,3.00000089999998E-14
-1,5.842008070559614E-9
-1,2.51220163122701E-8
-1,6.38175398302087E-8
-1,0.01755014548053032
-1,0.002745787081947043
-1,3.00000089999998E-14
-1,3.00000089999998E-14
-1,9.925761027565964E-14
-1,3.00000089999998E-14
-1,1.0205590869123768E-7
-1,2.981402147213894E-13
-1,1.3623961690095876E-9
-1,2.832959115777564E-7
-1,3.00000089999998E-14
-1,5.1175859994904605E-6
-1,0.015263030321721952
-1,9.53828114035924E-10
-1,3.7567526189511697E-10
-1,0.1047933078367321
-1,1.0257054311467409E-10
-1,0.010858875287484847
-1,1.0426081938057403E-12
-1,2.13471931129312E-6
-1,0.03144682376325284
-1,4.2037929919392045E-6
-1,3.00000089999998E-14
-1,1.4463605522134939E-6
-1,0.05902419677231855
-1,0.2807857790961849
-1,0.24927199016517979
-1,0.004035430407895289
-1,1.0185351085241661E-8
-1,1.2495980525334889E-9
-1,0.049202103193755384
-1,0.23714550644864146
-1,0.28019280581357553
-1,0.22343992620761302
-1,1.254028459348373E-6
-1,3.789907878174349E-6
-1,1.1046291934347608E-9
-1,2.144860306597516E-11
-1,1.0851540414220423E-9
-1,6.894946165377076E-7
-1,2.1134636906448327E-9
-1,0.05608293962941977
-1,8.487860235674959E-8
-1,2.5014092298754206E-12
-1,3.00000089999998E-14
-1,3.899300046052848E-14
-1,4.96177727374016E-12
-1,0.047199817183341014
-1,7.474405359116469E-14
-1,3.762606433681822E-9
-1,2.0137261026340245E-11
-1,5.479059757647034E-7
-1,3.00000089999998E-14
-1,2.2268159647606156E-8
-1,2.2604533621921423E-7
-1,1.56658839347006E-8
-1,0.011711899615593583
-1,0.1394517599728749
-1,0.9305505986351286
-1,6.493004474225569E-10
-1,0.007168963694296163
-1,8.798111488075218E-13
-1,3.0580976863349396E-11
-1,3.261167647292813E-9
-1,6.609992905300982E-8
-1,0.9920825046185527
-1,3.00000089999998E-14
-1,5.863278213860078E-7
-1,3.00000089999998E-14
-1,1.852484498048766E-13
-1,0.0055830451273581215
-1,3.00000089999998E-14
-1,0.005593797282250253
-1,1.1066804357378287E-9
-1,7.344545247091582E-11
-1,1.81045388442682E-7
-1,0.039207952245728254
-1,0.003069506985503357
-1,1.7708220997217192E-8
-1,3.00000089999998E-14
-1,1.3865974015168317E-5
-1,0.0033773062627091015
-1,3.290914856670757E-8
-1,3.00000089999998E-14
-1,7.67065305332096E-8
-1,1.02220936357336E-7
-1,7.65011611468611E-7
-1,0.6137824582434679
-1,8.831153939318545E-7
-1,3.1423699604810824E-7
-1,1.102178869390544E-9
-1,0.01083229654013025
-1,1.8564031268641487E-12
-1,8.015908849584325E-6
-1,0.009040751091106348
-1,0.017366970502722966
-1,7.499922328911363E-10
-1,1.0621471400750771E-7
-1,0.0026459761194329305
-1,5.916741546415636E-10
-1,5.366868270704977E-9
-1,1.363551072108021E-6
-1,3.881310905979622E-13
-1,0.3587533760184922
-1,6.61811733990343E-7
1,0.9275359123493161
1,0.9549827499379835
1,0.9041940133404668
1,0.043516820894974544
1,0.9710970589310883
1,0.9992786698700417
1,0.5172689489913282
1,0.7960197448302294
1,0.5
1,0.8733217131553954
1,0.9995820075199997
1,0.9976171565279005
1,0.9364780620462119
1,0.9947615181882682
1,0.9102012905216168
1,0.9902180963376888
1,0.9567207588145236
1,0.420637639590709
1,0.9530957256320108
1,0.9986435525385177
1,0.8309788816080093
1,0.9312579532786036
1,0.9782355691381892
1,0.8927067157073721
1,0.9895929402882099
1,0.5941031315741884
1,0.9976778602791404
1,0.9998987490583295
1,0.02379878580164752
1,0.9926764419698774
1,0.9999271195236026
1,0.9798684786889524
1,0.9905644914886254
1,0.9132492514591629
1,0.31954886881770733
1,0.9940048138007358
1,0.9740391338974727
-1,9.190162867234675E-8
-1,1.4578209440700973E-6
-1,5.174401613307809E-10
-1,1.2618444386940364E-12
-1,9.219306505185242E-6
-1,0.22073875615760358
-1,0.003795523524635887
-1,1.5842124115085622E-9
-1,2.644422787494971E-13
-1,6.653597166907265E-9
-1,6.080421182944947E-12
-1,4.8323549513916476E-14
-1,6.789210587488606E-12
-1,1.71815525692146E-8
-1,2.632970819662773E-7
-1,4.664381672376649E-7
-1,8.311255204368093E-6
-1,3.556213039970236E-8
-1,0.018252307637638833
-1,5.096868015978814E-9
-1,0.049700064514559356
-1,0.033376481128164506
-1,4.843568678262335E-10
-1,2.0566226758529538E-8
-1,6.213443335839097E-10
-1,3.2993207166033785E-10
-1,0.9951159594623519
-1,3.00000089999998E-14
-1,1.0602720089917595E-5
-1,0.00374492646176981
-1,0.01646450619042431
-1,1.3882934301152441E-8
-1,0.042003285412529
-1,3.00000089999998E-14
-1,4.0790850892470914E-8
-1,0.7492225251215804
-1,0.7932161887050042
-1,1.0321335481582918E-6
-1,0.11434651992000987
-1,1.4525291013228486E-6
-1,1.1446282275419374E-6
-1,1.4097990816384712E-5
-1,1.667830235241818E-11
-1,7.291057910009651E-7
-1,0.04833541841462347
-1,1.3545000664641558E-7
-1,2.7134638730386242E-8
-1,1.1987353879247505E-6
-1,0.01670998995170712
-1,3.00000089999998E-14
-1,0.05838026210241635
-1,1.4984202232230625E-7
-1,2.8130368071232846E-6
-1,4.556120791650721E-6
-1,0.40563389363616115
-1,1.252287853158832E-6
-1,2.389339343882605E-8
-1,1.557245529874757E-9
-1,4.169989817642014E-9
-1,0.39188498080196527
-1,0.8860411788565039
-1,3.00000089999998E-14
-1,0.002938429104418229
-1,0.02064787715762464
-1,0.010829400132042399
-1,9.43489389500448E-13
-1,0.003934529783594193
-1,0.0071239693196405406
-1,3.00000089999998E-14
-1,3.00000089999998E-14
-1,3.020669155570265E-8
-1,0.1691017214653509
-1,0.7507871945093465
-1,0.15399697652942831
-1,0.8676476419512925
-1,2.1394961078247947E-9
-1,1.7502206554074916E-9
-1,1.6758040031298803E-13
-1,0.029150979660641292
-1,0.002652319677069625
-1,0.561917267272647
-1,2.1955002555144414E-7
-1,1.1173791847941521E-7
-1,2.7549022685492394E-9
-1,2.0097173580482857E-12
-1,1.3953954504484397E-8
-1,0.005843949006160723
-1,0.002983445202062391
-1,2.9288436092190302E-8
-1,0.017791628478632554
-1,0.012303951739440645
-1,8.752007818950035E-10
-1,1.0592583088654283E-6
-1,0.004416867915785979
-1,2.6214670951582016E-6
-1,3.00000089999998E-14
-1,5.266235758429531E-8
-1,6.927123584346107E-10
-1,3.441814706626127E-8
-1,1.7894682709835693E-8
-1,0.032363055275894316
-1,0.008694416878210305
-1,7.765530304190659E-8
-1,0.397046006720307
-1,0.08547014112855109
-1,0.016618296756455077
-1,7.700055986827871E-6
-1,1.1610844717962267E-7
-1,3.00000089999998E-14
-1,5.1989144958405355E-8
-1,0.5075020058799609
-1,1.077307713268188E-9
-1,3.8490846300706807E-7
-1,1.8284881161673733E-9
-1,3.3170876747422748E-9
-1,6.198044054019605E-9
-1,8.894460368049872E-12
-1,1.3663799914070766E-9
-1,2.194707298812546E-10
-1,0.004261437581327214
-1,3.00000089999998E-14
-1,4.2803881822461793E-10
-1,2.821183059017433E-7
-1,1.5498088981290028E-8
-1,1.6258263415606563E-8
1,0.9990846174094448
1,0.9807878980948063
1,0.9824626264887327
1,0.5879563803461615
1,0.9850899183141452
1,0.9912497733806471
1,0.26690122060939064
1,0.1381472334222606
1,0.9986631601980993
1,0.7383897233482432
1,0.9726482345455059
1,0.9985056518802679
1,0.7313018786094526
1,0.9919678684960938
1,0.36508899620991175
1,0.9998114052538214
1,0.853056614356566
1,0.6041278656569292
1,0.9519175268714649
1,0.11498938611217008
1,0.9899076990492198
1,0.9983048433988169
1,0.9999297330547442
1,0.7012716986489367
1,0.9397972007595732
1,0.3932509615817456
1,0.7104339617295264
1,0.9424197858213185
1,0.9922336332079695
1,0.9897913557133036
1,0.9673027712345044
1,0.9899079397769479
1,0.9906016940519596
1,0.8614991060858942
1,0.461697798645206
1,0.9926487254957783
1,0.9396444137509657
-1,0.031786950826883924
-1,9.070034410995896E-12
-1,1.1489894905990096E-8
-1,8.271074701421043E-6
-1,3.085691900312285E-12
-1,1.3157892885040474E-7
-1,0.005671513194040164
-1,4.520639864259031E-11
-1,4.0709908272214554E-13
-1,3.00000089999998E-14
-1,1.5461630870331793E-10
-1,1.823004692945857E-11
-1,3.2785022254843057E-10
-1,2.7938103509958777E-10
-1,0.0027169778135138537
-1,0.9322204882911991
-1,0.884898405579466
-1,4.853698990868489E-8
-1,4.574712064860379E-6
-1,1.8637864119120765E-10
-1,3.087071073932533E-9
-1,1.3702473216314586E-13
-1,2.2226285464046314E-12
-1,0.17271005720939686
-1,7.808357459445626E-14
-1,1.2743713470357837E-8
-1,2.81906522600371E-9
-1,1.3941918541687862E-7
-1,3.887977746517769E-8
-1,3.00000089999998E-14
-1,2.7005969331124485E-6
-1,1.0701210728711783E-5
-1,1.0109111613059232E-10
-1,1.707052308855152E-13
-1,1.3778473206371103E-10
-1,0.02103908658496084
-1,0.030109719003111074
-1,3.9129052439259755E-7
-1,1.434598666886849E-9
-1,0.010723228967367023
-1,4.060384927451685E-12
-1,3.518362308570469E-14
-1,6.878370147199264E-6
-1,4.127640863931374E-9
-1,0.07014681729139949
-1,3.605325708774759E-14
-1,0.46366281385262487
-1,1.8330459875938244E-8
-1,7.966521040609085E-7
-1,3.00000089999998E-14
-1,2.983643599652905E-8
-1,5.55532137967356E-11
-1,3.00000089999998E-14
-1,2.9898291795273726E-8
-1,0.01443533380997701
-1,7.820213493622998E-7
-1,8.72414299145685E-12
-1,3.7643786304578926E-6
-1,3.00000089999998E-14
-1,0.01638146647996504
-1,1.5020660491411451E-9
-1,9.058333265899133E-11
-1,3.00000089999998E-14
-1,0.029239221744627973
-1,0.004725473860668296
-1,6.88851896698491E-14
-1,1.5301233549455027E-9
-1,0.10162495444428646
-1,0.002943509109925331
-1,2.5648978861734223E-6
-1,0.0036227470209336844
-1,0.010321623938046408
-1,4.997609640117821E-6
-1,4.923160360248404E-8
-1,4.3400562547519607E-10
-1,0.0069975041683899165
-1,5.036175821233244E-12
-1,0.006967798037709756
-1,3.00000089999998E-14
-1,0.0027345749105989374
-1,9.400515829392886E-9
-1,2.537686913646052E-9
-1,3.665422737530956E-13
-1,2.5223886946116362E-12
-1,6.570963336836947E-11
-1,1.920603362919185E-7
-1,1.4021481026250658E-8
-1,2.0208036993686043E-10
-1,0.9370686639336148
-1,9.793519261199271E-12
-1,0.00752595741036752
-1,0.009411249906743267
-1,3.0854584253392995E-11
-1,0.01023372358897075
-1,0.007249962421434034
-1,0.034577406009442875
-1,0.027849883041759272
-1,0.004609787056691747
-1,3.00000089999998E-14
-1,3.5226001682981193E-12
-1,2.0773180571948287E-7
-1,8.665127839666749E-10
-1,1.2447887057454275E-11
-1,0.8332241095557691
-1,2.997165451639967E-7
-1,1.4449909216840297E-10
-1,1.209453365083813E-11
-1,3.00000089999998E-14
-1,3.4932187201046137E-13
-1,0.06757800313196684
-1,4.3032802027027734E-7
-1,1.1395704750275227E-8
-1,1.8011426103764102E-11
-1,2.9248347044964422E-6
-1,5.739471152428812E-8
-1,1.9175823090182004E-6
-1,2.959554916661242E-13
-1,0.011640998989814173
-1,3.1772361941653266E-9
-1,6.724252536922499E-9
-1,1.2173884533178449E-11
-1,0.004089459605621758
-1,4.592715886338004E-10
-1,2.431462634962074E-11
-1,9.134744089078405E-8
1,0.9712707371890443
1,0.9399654503958046
1,0.6356942536706847
1,0.8863082482489791
1,0.8789716740500357
1,0.9978470138334612
1,0.9971956136049398
1,0.9856583486989277
1,0.7933486393887794
1,0.9425976555292774
1,0.9920265808791643
1,0.013003299743299127
1,0.9968783464175041
1,0.7837090195851094
1,0.9969923351468769
1,0.9591846426486513
1,0.9337462353176833
1,0.6460556280672948
1,0.6323874527588831
1,0.9236761846994085
1,0.7750053970698484
1,0.9604394766600187
1,0.9914830908744872
1,0.9989501548302976
1,0.9999179133088294
1,0.9721138290116336
1,0.4164110593384072
1,0.9731740226679028
1,0.9943982062320577
1,0.7590140548468799
1,0.9977706014083124
1,0.9928593785936769
1,0.999320366425758
1,0.9500102699907266
1,0.9040432832239101
1,0.3152535144605898
1,0.9936115505864942
-1,2.0747320438276617E-11
-1,4.493142405308085E-12
-1,0.0025817177189812455
-1,7.161401864186113E-9
-1,0.10127618376385088
-1,2.6128681045549505E-6
-1,1.2311361682496303E-5
-1,1.044173304344609E-7
-1,4.127336777344698E-10
-1,5.814315884704325E-8
-1,0.07181233073644668
-1,1.5598501992821094E-8
-1,2.04759075739826E-12
-1,1.873710172410355E-9
-1,3.613672197987129E-10
-1,8.107099865171183E-10
-1,2.791533453867534E-10
-1,6.433189292350713E-10
-1,6.164649465243547E-8
-1,3.1616011087686526E-10
-1,9.183684887966668E-9
-1,0.7932883259909908
-1,0.004702976874913933
-1,3.00000089999998E-14
-1,0.07998421179741981
-1,3.698048739036572E-9
-1,0.06354402506706543
-1,0.5961005735858403
-1,0.026240643904783544
-1,7.749533438991821E-6
-1,7.872189630401214E-14
-1,0.5546886996771355
-1,2.2514746071814013E-12
-1,0.38195715274587366
-1,3.00000089999998E-14
-1,2.8836108999699754E-9
-1,1.4448279503545973E-9
-1,1.1014944193831711E-8
-1,0.01577342950459378
-1,0.06095524036375989
-1,5.643140661020718E-8
-1,3.00000089999998E-14
-1,0.04780970934110594
-1,3.658951451399315E-9
-1,6.1693842737659335E-6
-1,0.025271251362166035
-1,0.09674216865174516
-1,0.005927600435543854
-1,0.4201038800497284
-1,0.0025484832311472535
-1,0.006590463743212472
-1,5.082702235907116E-7
-1,0.05162838351566186
-1,1.3214246580810665E-10
-1,0.018767362552295414
-1,1.971569322709055E-7
-1,4.41548836814262E-8
-1,0.006090495606851047
-1,2.3531457926335456E-6
-1,1.2776190803727994E-9
-1,7.485453135908599E-12
-1,1.6057897171730109E-9
-1,0.004282859088112419
-1,0.04434263143192446
-1,7.899433760048054E-14
-1,1.028265853055583E-9
-1,2.7330523552094257E-8
-1,3.00000089999998E-14
-1,0.9974505381144463
-1,0.010111797696828727
-1,1.4871406299142452E-6
-1,4.645603699399293E-7
-1,9.78730948083045E-9
-1,2.8251831459054227E-11
-1,1.8828980735808035E-8
-1,0.005429678838219553
-1,7.554530519094284E-8
-1,2.7600902655878007E-7
-1,1.2956482866185165E-9
-1,0.20743064452607665
-1,6.513426137858389E-9
-1,3.00000089999998E-14
-1,0.015963746048931603
-1,1.5188209589782654E-6
-1,0.18034748664112513
-1,3.491962092423895E-11
-1,0.02247786946871262
-1,8.707938798588181E-9
-1,1.1351231849679187E-13
-1,0.012552262459815675
-1,0.5787549841851842
-1,0.05328459616762412
-1,0.11115786798057443
-1,3.627723134836003E-7
-1,1.1077767725619983E-8
-1,2.3811172213561587E-9
-1,1.4529081236717672E-8
-1,0.8523965071546942
-1,0.08360482714563632
-1,0.09187962513538343
-1,8.20660106693805E-8
-1,0.44245110151864275
-1,0.006091151642439676
-1,5.55368046561534E-7
-1,1.359012339019889E-8
-1,5.639332785447554E-13
-1,0.067162930907526
-1,1.3988715463885626E-6
-1,3.235902624544307E-7
-1,3.440247956400836E-7
-1,3.00000089999998E-14
-1,7.169422909279685E-10
-1,0.0101509575548296
-1,1.5969915393474346E-13
-1,1.2641279770103282E-11
-1,3.19286192804207E-13
-1,4.577890419479409E-12
-1,8.16267332818427E-12
-1,1.6418125856094517E-11
-1,0.44026571781275314
-1,0.17386478379977544
-1,0.003244343150875901
-1,3.482962245324065E-6
-1,0.03939408382445068
-1,2.0054401852166175E-9
1,0.9996441806463979
1,0.8740780418978269
1,0.9558244189978614
1,0.9157222574472392
1,0.9394345888673153
1,0.8581112496821005
1,0.9361325542113607
1,0.9658774349363782
1,0.44722981574738135
1,0.2705110725410232
1,0.9445014257683919
1,0.9934261132092009
1,0.9805327751893157
1,0.7312385311332417
1,0.9652464514458116
1,0.8961910333981431
1,0.995208254830921
1,0.9887691890917824
1,0.7528416296334219
1,0.9739181938058417
1,0.9758016914567538
1,0.8826746959472395
1,0.9403186920152458
1,0.9964192414784298
1,0.9714726548617187
1,0.9784347909216279
1,0.7625326107425416
1,0.6882628257606734
1,0.9784204216650553
1,0.9991249229248128
1,0.9893492566279238
1,0.8826748187675238
1,0.9784158362542881
1,0.9977095661408888
1,0.03553002603707542
1,0.9846563494063962
1,0.999543543634741
-1,2.256426998372969E-7
-1,0.9790416309967934
-1,3.00000089999998E-14
-1,3.308224205607103E-7
-1,0.454381481434372
-1,1.9365707491332726E-8
-1,5.299850814801651E-13
-1,0.21662715994869897
-1,9.645727824324847E-9
-1,0.2582031042971323
-1,0.0053752125647446745
-1,0.006525705527947685
-1,3.00000089999998E-14
-1,1.0190349942929558E-9
-1,1.3903126683337897E-6
-1,4.111370606242619E-12
-1,0.017861333940880228
-1,0.9289904111794182
-1,0.7505167463617258
-1,5.279537042609476E-11
-1,0.013802333412531688
-1,6.830867957164424E-9
-1,0.021499001584939975
-1,0.1630066206755914
-1,0.005884079989134298
-1,6.702697241633591E-12
-1,8.195555285425226E-9
-1,0.2472757238488482
-1,3.911721026670766E-11
-1,0.6192501548075058
-1,5.234717616498342E-12
-1,6.56255649231133E-10
-1,0.0777615890954364
-1,3.151786885156206E-9
-1,5.191123199096673E-10
-1,9.924398605079473E-9
-1,0.023190774325999423
-1,4.576405482538118E-10
-1,2.483636024645082E-8
-1,0.25048463584757535
-1,1.2722620383958604E-6
-1,0.12131425218815209
-1,0.005674107433991829
-1,0.005948650277487298
-1,0.33248656031504
-1,0.004949426942915682
-1,0.9743681713617841
-1,5.110340502913384E-7
-1,7.880240709806914E-6
-1,0.01949976253021069
-1,0.17046890621951055
-1,0.0496506789918426
-1,0.6818011140364167
-1,0.00903209330984516
-1,1.8847259282865372E-8
-1,0.6054253730055109
-1,1.3809358374039311E-9
-1,5.010432074324211E-6
-1,8.812068613537832E-12
-1,1.8208057230296928E-8
-1,0.47851397829204884
-1,9.905665054638267E-11
-1,1.0007656530539882E-11
-1,0.039372942201716624
-1,3.00000089999998E-14
-1,0.11238182271300642
-1,3.00000089999998E-14
-1,2.7892008312273696E-11
-1,7.830386698602441E-6
-1,0.010875025600139348
-1,0.256001679055517
-1,8.062198966544169E-9
-1,0.06130492784931934
-1,0.00982353889539145
-1,0.6348654087076513
-1,7.221691037875727E-6
-1,3.00000089999998E-14
-1,0.03103917250566622
-1,5.007775513649105E-7
-1,0.00818415235319731
-1,7.682415390723731E-12
-1,2.7444295642657405E-9
-1,2.934467676110208E-13
-1,1.0676903562693644E-7
-1,4.2967419450536603E-14
-1,6.036147048014874E-13
-1,6.336803939894131E-9
-1,1.795356172943227E-12
-1,2.603419245027519E-12
-1,3.7273972979492943E-8
-1,3.00000089999998E-14
-1,3.1635748574439133E-13
-1,0.008614026407271082
-1,0.014760490546847698
-1,0.43551195390518377
-1,2.9504523618581466E-8
-1,0.010900059850467214
-1,2.3792434111260648E-8
-1,1.2712112245608922E-8
-1,6.633624520568562E-14
-1,1.8028941540436747E-7
-1,1.793538318639737E-11
-1,1.574386073574073E-8
-1,0.15091153130543022
-1,0.1840718620586658
-1,3.00000089999998E-14
-1,1.5718674683818834E-5
-1,1.2183857822219157E-5
-1,0.01715644410808145
-1,0.09097766794812054
-1,2.7298973214550282E-8
-1,3.00000089999998E-14
-1,0.006987927837081988
-1,4.573431724122026E-6
-1,3.6318406853045415E-12
-1,0.005067702758197654
-1,0.16676296122149303
-1,3.00000089999998E-14
-1,1.0410682164941796E-9
-1,1.11033131850185E-9
-1,3.589239390307843E-9
-1,3.00000089999998E-14
-1,0.010235302244579574
-1,4.2422866544509316E-7
-1,5.345273443674973E-13
1,0.9758132417036306
1,0.8198629446460717
1,0.9719298724297066
1,0.9922920468240326
1,0.9850672100925718
1,0.9935984161629572
1,0.9957621754390628
1,0.964566101249307
1,0.1557509750710827
1,0.278697374963386
1,0.20326696967095845
1,0.9395320398447828
1,0.8924759193003587
1,0.7102044230212259
1,0.9615563391113214
1,0.9701466120911987
1,0.9760747500916794
1,0.11175644339182522
1,0.9817784669363229
1,0.9514205909961974
1,0.5372389746460557
1,0.8301790477840604
1,0.548705890465511
1,0.9633109562030879
1,0.9850713182327877
1,0.998211483158505
1,0.3833818192560352
1,0.9726806908083021
1,0.9964162078528989
1,0.10332820659993595
1,0.9000422973745722
1,0.8134332073673407
1,0.964248162656371
1,0.9308856128937872
1,0.9830443616394563
1,0.9138576038085312
1,0.9662182062176731
-1,1.3266882965256837E-6
-1,4.8727293682933834E-8
-1,9.93333887782088E-6
-1,0.7441877438286641
-1,0.24843696258781814
-1,1.5438308918334974E-13
-1,1.4320094783110586E-10
-1,0.020702880829076172
-1,2.6509526832058516E-9
-1,0.03181516567012278
-1,0.010168856580365204
-1,2.8666084946233093E-10
-1,0.9683466453516094
-1,0.06775652427344887
-1,9.083086602008134E-7
-1,0.9933157728028575
-1,5.604575117637111E-6
-1,4.470628882146795E-9
-1,4.1586800764740855E-11
-1,1.26523747113737E-6
-1,0.024000849742360546
-1,0.0742039854617887
-1,3.00000089999998E-14
-1,7.568601351953248E-7
-1,2.696498262927137E-6
-1,0.06427024023031404
-1,0.004963612925342479
-1,1.462546370708706E-12
-1,0.5397846428955415
-1,1.3066619718913917E-9
-1,3.851391177966052E-7
-1,2.1872750472760527E-10
-1,7.326716344177256E-10
-1,0.026255187456333862
-1,2.7052659219190223E-9
-1,0.006835213506274328
-1,8.748379977397027E-10
-1,1.0008947840238522E-6
-1,0.181159067930062
-1,3.023336415485391E-11
-1,2.900018980785176E-8
-1,0.20582313709607492
-1,1.394728480331243E-9
-1,6.023027142254165E-8
-1,0.9442358411373006
-1,9.762514614544142E-8
-1,5.209464204362085E-9
-1,3.8363574958796326E-8
-1,0.0063817883177538
-1,0.002658759661015
-1,0.09018147263714892
-1,0.03432722251698772
-1,0.5246744833170731
-1,3.00000089999998E-14
-1,1.3942630286240106E-11
-1,6.061950136520006E-9
-1,1.329696333546762E-11
-1,1.334436052549502E-7
-1,2.5110986548940602E-12
-1,0.2699223560020191
-1,3.00000089999998E-14
-1,1.0041134647788623E-9
-1,0.003957475945133518
-1,1.1240534188551208E-6
-1,7.870347434722786E-9
-1,4.564136596769723E-8
-1,0.09396976740307925
-1,0.2512145407493063
-1,8.917126747945716E-7
-1,1.2841807940759276E-11
-1,1.273336361065294E-6
-1,4.164611402111694E-6
-1,0.03669066085937973
-1,0.033197442123311514
-1,0.007658638665534201
-1,0.8626427064034782
-1,3.153851755238364E-14
-1,1.1608412850423458E-7
-1,3.578986014165097E-8
-1,9.6169720563645E-7
-1,3.353076007762163E-9
-1,0.003064269156178743
-1,3.00000089999998E-14
-1,2.3597893647890985E-9
-1,4.541857699451007E-10
-1,0.10370406995451621
-1,4.586178191752533E-12
-1,0.017760413061314224
-1,6.1583680719576114E-9
-1,1.2020834367130406E-7
-1,0.06335507950259335
-1,3.122227792026424E-10
-1,0.004513695130673911
-1,1.044881046156744E-11
-1,0.01908922087218468
-1,1.443286584149591E-13
-1,4.5655920147435266E-9
-1,5.5470872472622414E-8
-1,0.18193934086327168
-1,2.644780721620235E-8
-1,1.4868680776319805E-12
-1,1.3387446786075338E-5
-1,4.013489644274332E-8
-1,6.334436532428116E-9
-1,2.5531304107280887E-9
-1,3.4246288319555564E-6
-1,0.964047190240612
-1,3.00000089999998E-14
-1,9.997354754466123E-11
-1,1.9047765015754947E-7
-1,0.048533486617043826
-1,3.260602117299866E-6
-1,0.025031141867893746
-1,0.04756833549296662
-1,0.08529834372893609
-1,1.754509906339947E-5
-1,0.9406139715479868
-1,3.931299246121426E-7
-1,0.09763944745602005
-1,9.491234986517515E-11
-1,1.5998007455527107E-10
-1,1.2703590004731915E-5
-1,1.0555065168802397E-5
-1,1.215297645699798E-8
-1,0.024736612891542532