label,prob
1,0.9568901528636398
1,0.8781121869583813
1,0.8256055387152395
1,0.6204455173780741
1,0.042012037895037845
1,0.13415204041883458
-1,0.05389832800063568
-1,0.03088654544462483
-1,0.282707428915842
-1,4.364660419603607E-6
-1,0.15574096977942065
-1,0.04593090693412383
-1,5.543263636432E-6
-1,0.04734831290854203
-1,0.6919347080740006
-1,0.5545458523272813
-1,0.0221315419342691
-1,0.18050262971450454
-1,0.029251543226885352
-1,0.5271903152787637
-1,0.09979926082751744
-1,0.013746711570542362
-1,0.038874313818402936
-1,0.012179449018332676
-1,0.710047956766378
-1,0.0728256830096914
-1,0.004616588368461768
-1,0.011198347003166851
-1,0.02710995575548933
1,0.11067581603758879
1,0.3916561432504019
1,0.42768756239885436
1,0.19403658059695916
1,0.6491740405682145
1,0.41389183077627806
-1,0.011224415257457135
-1,0.30606471770681404
-1,0.6076025938757659
-1,0.02991238354268615
-1,0.23476089167224604
-1,0.05646264628437243
-1,0.4215845986771613
-1,0.1521888377599673
-1,0.050172982201418394
-1,0.07002619296013901
-1,0.012879329456011628
-1,0.031880582654579506
-1,0.21189031703492286
-1,0.03139353386482353
-1,0.018252185037614697
-1,0.40959168171599053
-1,0.00842642278366926
-1,0.014942694178632638
-1,0.052610081220760024
-1,0.03809322457332579
-1,0.09875449843687308
-1,0.033143566416296004
-1,0.006226552065146056
1,0.17070797271755656
1,0.8779652408948962
1,0.9460237230787303
1,0.09087852640181743
1,0.5176743337986361
1,0.45687471572774546
-1,0.02218087444885164
-1,0.09068513599216763
-1,0.10358903975183459
-1,0.8153819899107464
-1,0.004710152530710215
-1,6.105075579917397E-6
-1,0.01351523200209467
-1,0.041513104142495795
-1,0.2278431089668853
-1,0.8925793004707611
-1,0.009191789930696475
-1,0.006788486469839658
-1,0.009135134838785934
-1,0.006105172112128798
-1,0.04657616236582701
-1,0.48061943934843737
-1,0.01316653648709254
-1,0.008488246840794427
-1,0.12428723887640422
-1,0.1108856939632869
-1,0.02465638698426219
-1,0.09387086717082437
-1,0.0058009179628789095
1,0.7149287533066382
1,0.966940135545913
1,0.9399366271206488
1,0.9361512621816275
1,0.024822110069422112
1,0.9554745276019143
-1,0.005747322007336095
-1,0.015485419983434612
-1,0.039327138435153106
-1,1.1620202741140032E-5
-1,0.014752338663025895
-1,0.0801480522227559
-1,0.007809860491016043
-1,0.5318848490677173
-1,1.7955073627458456E-5
-1,0.006145580794797717
-1,0.014338470708047689
-1,0.022755267565970384
-1,0.35708420968888804
-1,0.04106249907767952
-1,0.01260739146056696
-1,0.32819491693464414
-1,0.018953911292264456
-1,0.02834406389786538
-1,0.006589158523570153
-1,0.03301599697296982
-1,1.4034518861371543E-5
-1,0.016148592220725275
-1,0.003362388038946277
1,0.8160930020900568
1,0.12009291667156348
1,0.20069891356745242
1,0.9646606249291312
1,0.8884669533827837
1,0.23275008876286435
-1,0.6891505083149918
-1,0.40264655684777445
-1,0.171715335289211
-1,0.008908794505343993
-1,0.3042892371521209
-1,0.1994875760855131
-1,0.05894335607515224
-1,0.056013444152367343
-1,0.36506839913828854
-1,0.011976395065486286
-1,0.002721303660160692
-1,0.35085423853534986
-1,1.278335898919079E-5
-1,9.455039075846063E-7
-1,0.007498161538576498
-1,0.005024412584383431
-1,0.021877172737323754
-1,0.0239532318960475
-1,9.197203647652995E-6
-1,0.010428426259848961
-1,0.22961117610984375
-1,0.1635725881286708
-1,0.06263463012519223
1,0.5663199228990909
1,0.23412048881981284
1,0.2333838895897331
1,0.25500785378456325
1,0.6041518179061743
1,0.8545261232876086
-1,0.00684289073030928
-1,0.2129958335936675
-1,0.0060837631392437145
-1,0.04562639583578281
-1,0.028059120644740757
-1,0.05391150549973095
-1,0.008701360710877728
-1,0.0717946601113407
-1,1.6810487048973482E-5
-1,0.005890180227532891
-1,0.00594918531758693
-1,0.016388216630271915
-1,0.14265999650632866
-1,0.028218246108315904
-1,0.23095906768957175
-1,0.01672171407212489
-1,0.33099257701012447
-1,0.0031645080960006266
-1,0.16201184032183036
-1,0.3111670966441398
-1,0.1422239969068564
-1,0.06461398064829434
-1,0.027655533421232278
1,0.5
1,0.514395232254199
1,0.016546749010398976
1,0.9749518788772596
1,0.30051982300709923
1,0.8113966163062029
-1,0.007767151285384718
-1,0.43885734648211605
-1,0.002874735263474491
-1,0.008574591907168078
-1,8.865125940832438E-6
-1,0.6818022894292416
-1,0.007166373495997677
-1,0.004144582396036086
-1,0.09214963448146422
-1,0.10115908716506215
-1,0.006393624181579406
-1,0.5
-1,0.03818961313547923
-1,0.005455584984708629
-1,0.006808241093765446
-1,0.07087698734849034
-1,0.07238957642792715
-1,0.32144996590339875
-1,0.010510313125539822
-1,0.005045496772774393
-1,0.045458593377007785
-1,0.29292179545548536
-1,0.03650761319783552
1,0.11007144003977262
1,0.9802600669846616
1,0.9901754601584398
1,0.8303708162462106
1,0.005389670400061839
1,0.4198789164283581
-1,0.10002907497740793
-1,0.10554635382075112
-1,0.041302054150187825
-1,0.38008351247483624
-1,0.040743127467332343
-1,0.44192539280399024
-1,0.030169788105551494
-1,0.004985295249363603
-1,0.011364380691572076
-1,0.2957127520049841
-1,0.3035066709464143
-1,0.008679347658775914
-1,0.03097642825270702
-1,0.018023699358767933
-1,0.005575057080560898
-1,0.055597168821495846
-1,0.026987595828117217
-1,0.04201019204133651
-1,1.8539462651725478E-6
-1,0.13358679426215536
-1,3.6548718753177387E-6
-1,0.03374042436661765
-1,0.16104606023385687
1,0.809566732133262
1,0.5994106523876724
1,0.5531778532792819
1,0.9567962758295455
1,0.8854080659598255
1,0.03359581057930226
-1,3.726488718890515E-6
-1,0.003831626992384422
-1,0.02847640275142247
-1,0.575846041850532
-1,0.18615373228439308
-1,0.00798389140745551
-1,0.054934644242652375
-1,0.004037555352274912
-1,0.020264092446230002
-1,0.015009337749704272
-1,0.010163227437955596
-1,0.027740085393739327
-1,0.05076443299645283
-1,0.003804616631849764
-1,6.914488402226827E-6
-1,0.029171249681501272
-1,1.1839106589436248E-5
-1,0.005227700695319553
-1,1.1827830378778942E-5
-1,0.0029360964625312802
-1,0.04513469604439492
-1,1.0488104511814449E-7
-1,0.08553939209111462
1,0.48524713201489506
1,0.7962297619539843
1,0.3789474785848428
1,0.6300992622784027
1,0.3116361604821366
1,0.7426163452316031
-1,0.009725234199270284
-1,0.055688690741885094
-1,0.009284872002857098
-1,0.02193732134070401
-1,0.010604146512684997
-1,0.032099681009284016
-1,0.10743818727940924
-1,0.012749304433145045
-1,0.019732367494862253
-1,0.010622214926013035
-1,0.06196772586331476
-1,0.07627570759481393
-1,0.054911014944365594
-1,0.10673754023657574
-1,0.06024502637165222
-1,0.19493634222875483
-1,0.04410425524972017
-1,0.0555313258179811
-1,0.020704982839812563
-1,0.017957433981982043
-1,0.05458927283665617
-1,0.07753102237224525
-1,0.1264503993291807