label,prob
1,0.9754662959799173
1,0.9955877268885537
1,0.9964267834346775
1,0.9901798959132672
1,0.9513585268993072
1,0.07698294554637287
1,0.21784592004131195
1,0.9979481508871939
1,0.5628783335121104
1,0.9964059655680199
1,0.9314390526895933
1,0.9379337124993237
1,0.9433566317264775
1,0.5474035451482946
1,0.9371443232481071
1,0.9887667339674275
1,0.9155733737638723
1,0.56599303517257
1,0.9343000890514168
1,0.7073078366374557
1,0.9623188723141524
1,0.8545693804066675
1,0.9839121545045126
1,0.7073747109918727
1,0.9606958096538345
1,0.7301948166117831
1,0.9251220389576746
1,0.05968383814427067
1,0.9958061403872651
1,0.9320331117512847
1,0.8920852875894419
1,0.999692338475233
1,0.45154608582971495
1,0.9736823808726369
1,0.988304905272743
1,0.9873514308396797
1,0.9971997799510358
1,0.8369098550181585
1,0.959676079581217
1,0.3400669320601263
-1,0.36767522511922957
-1,0.4052472749572108
-1,0.07745488691529746
-1,0.003756321651913458
-1,4.633672180546851E-7
-1,0.005067712372939888
-1,0.005882551973922039
-1,0.007939884640258804
-1,0.01859686422993833
-1,0.04037753535415932
-1,0.009957375206310697
-1,0.040597686477292665
-1,0.008017492874701765
-1,9.768155624767587E-8
-1,8.256811693190422E-7
-1,2.6342757646470395E-7
-1,1.5814157437930338E-9
-1,2.3434253894209093E-12
-1,2.189982781873071E-6
-1,5.410984504333013E-8
-1,0.7005051077894959
-1,0.8544043712756375
-1,0.37310824937630793
-1,0.8769895837694448
-1,0.9844430121785801
-1,0.01081611063016628
-1,0.8929070451538832
-1,0.434251780880923
-1,0.008253148466508644
-1,0.8654453490596486
-1,0.18530234219582778
-1,0.30237025656420163
-1,1.3480254981455106E-7
-1,6.182512635952992E-8
1,0.9999354413031049
1,0.9997694822659708
1,0.9353944226289466
1,0.9732029464993585
1,0.9959702396973291
1,0.999810765356223
1,0.9986153977965627
1,0.980517342668796
1,0.9946504560540459
1,0.5451057578501668
1,0.9823308524426784
1,0.9505125320909977
1,0.9981959382012433
1,0.8284249792692591
1,0.8983686970852265
1,0.8128753767572776
1,0.3008882259552746
1,0.9399536800179562
1,0.9389888782429543
1,0.00947640841396402
1,0.9969890205719873
1,0.985534272574501
1,0.9937322940275249
1,0.9256727518190537
1,0.8308378847854923
1,0.9987933383446994
1,0.9957627921353859
1,0.8900274634516662
1,0.9998434082452737
1,0.9943775770133796
1,0.06620405899172516
1,0.6159179810517087
1,0.8028455431871477
1,0.9931198804132104
1,0.9618893067142649
1,0.8680741505264208
1,0.9980422433793905
1,0.9993096698327242
1,0.9874735336639578
1,0.9585256165511682
-1,0.0688470849682006
-1,1.0893320573767514E-5
-1,8.120263755334563E-8
-1,0.9629664238606128
-1,0.0438680246894369
-1,0.12159982715385768
-1,2.6295377081078345E-6
-1,8.627969847663012E-8
-1,0.019712022648237848
-1,0.9975387404080579
-1,0.24228821099917897
-1,1.6337283746378117E-8
-1,1.765620841751222E-11
-1,7.41360195292383E-7
-1,0.24813156350844806
-1,7.811659818902698E-9
-1,0.9791068750698005
-1,0.38982976939665437
-1,1.3514873845127472E-10
-1,8.742359878203993E-9
-1,0.01421799707906005
-1,0.006764821255229822
-1,7.666819248132143E-8
-1,1.9315496962363753E-11
-1,0.43142833211752063
-1,5.811502562803047E-9
-1,0.4804295075084534
-1,0.1330547487932322
-1,1.9800989141045573E-6
-1,5.71659516552635E-7
-1,1.2758489940645782E-5
-1,0.023470467001331444
-1,0.8785943159993724
-1,0.12762738261536052
1,0.9387093755338551
1,0.7878898379762409
1,0.8836789421421821
1,0.9876971201095306
1,0.5772532998572079
1,0.9658182821717606
1,0.9860395252009024
1,0.9513926427731482
1,0.8339562210806193
1,0.9365978201565925
1,0.9837548149103651
1,0.7906250642476855
1,0.9581598922832126
1,0.9606765264282691
1,0.9999078275887532
1,0.9320632945498879
1,0.9991126077287563
1,0.9019131090954523
1,0.527187192830342
1,0.9657384278630026
1,0.8887397706596797
1,0.9964962200301523
1,0.956474245584323
1,0.9929050900313582
1,0.9719251306792147
1,0.9972987117350742
1,0.840823919961846
1,0.9969146577061718
1,0.3812699054486716
1,0.7774172768621873
1,0.9849954582470809
1,0.9320659690564795
1,0.8656166117837947
1,0.9454851267025199
1,0.9862793617637489
1,0.9477082461705438
1,0.9852551509874131
1,0.9999194484936208
1,0.9993871421745221
1,0.9989607387346457
-1,0.03880371546912368
-1,0.0430462865211614
-1,0.8969451527960133
-1,0.5951551850751122
-1,0.019340522218039773
-1,0.9103882219672474
-1,2.600636390917824E-6
-1,0.3106485486625308
-1,0.28914765428682626
-1,0.08068650565053494
-1,0.025392728525803692
-1,0.16440071735242417
-1,0.18331486147847578
-1,3.6769447252410515E-8
-1,7.18470703304534E-7
-1,0.05182682431133307
-1,6.360918993063045E-7
-1,0.9509569291887903
-1,1.8689124754255893E-5
-1,0.2453372041884941
-1,2.937828308720928E-7
-1,0.06754544186961439
-1,0.04399520241742802
-1,1.3335191763365784E-8
-1,0.3134064281287515
-1,4.3826956165033046E-10
-1,0.9991008395849185
-1,2.597938565089657E-10
-1,5.126255877116546E-6
-1,0.018755991775335486
-1,0.1625382992986682
-1,0.01142034272207063
-1,0.07107500753739632
-1,1.5123472742906569E-9
1,0.9767668852440213
1,0.9781621961977147
1,0.9969706624418375
1,0.4464219941450255
1,0.9828032671761319
1,0.9360698175725826
1,0.9831604403101737
1,0.9927645217845026
1,0.9959730690211548
1,0.7673521256494537
1,0.9916449430207412
1,0.9015025395005094
1,0.9912389774595982
1,0.9999395164063295
1,0.02115692416337219
1,0.9979539176948741
1,0.9978264864896643
1,0.9909937204317966
1,0.950799851400736
1,0.989845557571449
1,0.992985869964182
1,0.9976551624798393
1,0.995877339793378
1,0.992085259973563
1,0.9933818044779911
1,0.969715421022803
1,0.923533026133228
1,0.9941438396096898
1,0.9748945645896283
1,0.961215077538891
1,0.939021504515966
1,0.9934460932289699
1,0.8322599599306075
1,0.9993406495246387
1,0.965435885601355
1,0.9972625084689609
1,0.996098392707146
1,0.9977286024689271
1,0.9361331418101334
1,0.9824911502478824
-1,3.289682691970085E-8
-1,0.017475740183572067
-1,3.3715793285880327E-6
-1,1.5198106334570642E-6
-1,0.004151293531175184
-1,5.037795637684703E-10
-1,0.45639166360100064
-1,5.605932454678493E-7
-1,0.130628106794304
-1,0.8221399685405331
-1,6.026141433938513E-12
-1,1.8136384758210756E-5
-1,0.020054520739434784
-1,0.29821228414904805
-1,0.26284506412701236
-1,7.999796276480359E-11
-1,1.2546612717989578E-12
-1,0.7198323113685441
-1,2.7948625208549516E-6
-1,0.009391702068248596
-1,0.004085763626695277
-1,0.0044749666746073105
-1,0.9960378468896546
-1,0.20401035189617958
-1,0.030271879402756312
-1,0.019775653688274154
-1,0.021830329012147376
-1,1.2375219351520938E-5
-1,1.1660681750846484E-7
-1,0.058366212477406976
-1,0.0035899174415779927
-1,5.920175817216969E-6
-1,2.408370095258977E-7
-1,1.3263539884064867E-9
1,0.9987988669714247
1,0.9994595611994614
1,0.9485720036877133
1,0.9970564954675013
1,0.9999159436942325
1,0.9379207054291117
1,0.9987757957787622
1,0.9764386799145656
1,0.9993943612391342
1,0.9843231570367854
1,0.9719105280081424
1,0.9963131726037433
1,0.9736395998895846
1,0.8927137004134603
1,0.9865818191829091
1,0.9984670442416207
1,0.9953716159660226
1,0.0025423441080457804
1,0.43650882954139275
1,0.8948672460858401
1,0.9982840492422606
1,0.9915502743623165
1,0.9973174521171124
1,0.9846665857059715
1,0.9811524623886781
1,0.9845796235307291
1,0.998647752505939
1,0.8445161662062651
1,0.534592766432793
1,0.9881603621324302
1,0.9993540747569123
1,0.9987731445161726
1,0.9973180749854675
1,0.9526206492255795
1,0.9240547851232018
1,0.6342506295713235
1,0.11577600779662384
1,0.9681696934863037
1,0.9987757957787622
1,0.9981184802307659
-1,0.35764331650257325
-1,0.47123594405447705
-1,0.8918684764167597
-1,3.6652400247284586E-7
-1,0.015852748812863676
-1,1.6704617216950777E-8
-1,1.588451494408082E-7
-1,3.806719771299687E-9
-1,0.09948723509503345
-1,4.231780900726536E-7
-1,0.24691319869460354
-1,1.1414813993423587E-7
-1,0.6544774963033408
-1,0.710697869364669
-1,1.1690131369789125E-8
-1,1.4664794901712868E-6
-1,0.012186754107820625
-1,7.554734574433062E-9
-1,1.2000707289952548E-5
-1,0.5561176043769046
-1,0.05436893444837547
-1,0.857659483439196
-1,6.496775867247443E-6
-1,4.715003187333743E-9
-1,1.0845751555317405E-6
-1,0.7611093805642979
-1,1.618118657690005E-7
-1,1.1239234259839426E-8
-1,3.011318521373725E-6
-1,3.251935764379795E-9
-1,0.003934852242154957
-1,0.007577845700510886
-1,5.656219681817463E-8
-1,3.4977354094837035E-8
1,0.5525509803444373
1,0.996610785701094
1,0.9949591679989261
1,0.9992339769150315
1,0.8742343699679287
1,0.5633223716032251
1,0.9475343066640682
1,0.9984129395898907
1,0.8453026351565041
1,0.9593478971614663
1,0.9910531128756052
1,0.9890481624601958
1,0.8121395466784811
1,0.9932039128897941
1,0.9991891564281805
1,0.6524712586312923
1,0.9752142759700858
1,0.9744575731567983
1,0.9501671012232202
1,0.9973019845839384
1,0.9665884958335373
1,0.9396407069899986
1,0.890671440941927
1,0.9981396084996293
1,0.9642593802677558
1,0.9608845703522484
1,0.9925172105384628
1,0.8384613317834644
1,0.8258260297445533
1,0.8837397729025877
1,0.971309710467895
1,0.9953041065955948
1,0.9855615082584265
1,0.9899772686816292
1,0.7537050243943442
1,0.8702538278002797
1,0.821286824451762
1,0.8296139915252254
1,0.8214350968348363
1,0.8205255695586648
-1,0.0034867249795994316
-1,0.009931451603775666
-1,0.013191585230892469
-1,0.24736459593292975
-1,0.999741134118057
-1,0.02890000349869832
-1,2.3007108675790984E-11
-1,0.9818217026480559
-1,0.03191483021812084
-1,0.007828681566790936
-1,0.011031788339383754
-1,0.015400571641741884
-1,0.8961763459092881
-1,1.7889381897768894E-6
-1,0.007570637423933248
-1,0.1602139719184413
-1,1.3138193700771211E-5
-1,0.11021359454436418
-1,2.236297256421998E-9
-1,0.06566149253431453
-1,5.358777203583555E-10
-1,0.06999109664179672
-1,1.3511503182914764E-7
-1,5.187869268286994E-8
-1,0.025007678849400305
-1,5.081468023676963E-6
-1,0.0050390622403761656
-1,0.017606016444690963
-1,0.09095473252244067
-1,0.0035703476924923436
-1,0.03931589425450966
-1,0.033671685753342374
-1,9.290655872958431E-10
-1,3.092384810592806E-7
1,0.9855648266620987
1,0.7818899355931653
1,0.9746833884562077
1,0.9162426850917709
1,0.8743853836699454
1,0.9214236429417365
1,0.4836038976504806
1,0.6114326920005195
1,0.9166452880966549
1,0.6687072805482677
1,0.03313777276704514
1,0.8754363793097635
1,0.22354306075913521
1,0.9877266810974628
1,0.9993545770197549
1,0.9883897972554998
1,0.7781449610834598
1,0.6368938492530017
1,0.652519772063486
1,0.9962614161149039
1,0.969543453588258
1,0.9289975273644678
1,0.9968801985729592
1,0.9979180721917191
1,0.9447894465919171
1,0.9570253008356551
1,0.6838501173699556
1,0.8863786134914148
1,0.9965263783630177
1,0.9961554637358337
1,0.9374644341455535
1,0.923343572531938
1,0.9924758365019575
1,0.9759125483032614
1,0.9708029078150351
1,0.0426029999831866
1,0.9560929054062527
1,0.9664892040401959
1,0.997596835975868
1,0.9857880309296361
-1,0.15424375901441267
-1,0.6981970482245589
-1,0.21662093796325982
-1,2.1576472711487704E-10
-1,0.8586099664632514
-1,5.533681223456893E-7
-1,0.9983908624318678
-1,6.362984227076389E-7
-1,0.008190796750761953
-1,8.696966068772731E-10
-1,0.040278290339055646
-1,1.046492236071807E-11
-1,6.987937046322879E-6
-1,0.22323993233891126
-1,2.0138197472165862E-8
-1,0.5548295884230109
-1,3.498764972834229E-8
-1,0.6963198831544716
-1,0.014944836631607028
-1,0.006572703054612167
-1,0.18371191195456935
-1,0.08588648430375395
-1,0.176133582707048
-1,0.018618436609266042
-1,0.004513506060260413
-1,1.0557690835245138E-6
-1,0.003546933016901625
-1,0.023180055098416644
-1,0.03834898655499226
-1,0.0440161363980292
-1,0.13533232136728632
-1,7.134953932310453E-9
-1,0.40926825908854286
-1,0.0036706073173203664
1,0.772592524450582
1,0.9983756648996069
1,0.9865195335415987
1,0.9949073469494882
1,0.021206900620282094
1,0.9936847242656603
1,0.9951308703734553
1,0.9876195057063061
1,0.9569791058448646
1,0.9641350656776402
1,0.3642146120658246
1,0.9997761183884025
1,0.996948697403565
1,0.9958864855549551
1,0.9907937992767529
1,0.9993147541871363
1,0.9708090493836914
1,0.9446046924454368
1,0.698653106575358
1,0.9885445272255629
1,0.9932161679454308
1,0.9849477461603231
1,0.9996119388640964
1,0.8251299067670611
1,0.9843204187814801
1,0.957979014891451
1,0.9784598871779582
1,0.9837268922818153
1,0.9070177801626655
1,0.9994505045587239
1,0.9971443521968256
1,0.2817838865868188
1,0.9994473206470709
1,0.9900357602023595
1,0.9982006855943345
1,0.7830582432502541
1,0.9751102498279962
1,0.9962514701835254
1,0.6900141195071106
1,0.9406681863554971
-1,7.59431776854021E-7
-1,6.279359240042435E-8
-1,0.9255445171955081
-1,0.9864387791586392
-1,0.9566899276620744
-1,0.19539932954157188
-1,1.2251309946311427E-13
-1,0.017540992560793785
-1,0.058282612515802946
-1,0.0043252953961430115
-1,1.5423158012767178E-8
-1,0.368613374838256
-1,0.07599461488066978
-1,1.2419468402794037E-5
-1,0.00680171936268156
-1,1.5215396421906317E-11
-1,0.37453166866641524
-1,0.12260693210246637
-1,0.03310147381904615
-1,0.21311425167210452
-1,1.3479952780393606E-9
-1,3.00000089999998E-14
-1,0.03646577200500953
-1,0.09811380587342217
-1,0.0026825685977680995
-1,0.2719447571325184
-1,0.9315732449234455
-1,1.0216245479998118E-8
-1,0.09935559697442137
-1,6.298512058514238E-6
-1,3.34209109546582E-6
-1,0.07000512832091074
-1,3.2271598276185856E-8
-1,0.45086254402246684
1,0.9975534533854497
1,0.7729334390444433
1,0.8035969823759231
1,0.9224253778870782
1,0.9447990249704041
1,0.9925007207220861
1,0.9986666180399826
1,0.9891790618051498
1,0.9906936724342218
1,0.9717977014215385
1,0.9791514510268509
1,0.9978215900466388
1,0.956733506247159
1,0.9767548526194738
1,0.9759174458424742
1,0.9967475850354525
1,0.9999228809356281
1,0.9902316065959225
1,0.9957298776663942
1,0.5166262224714057
1,0.9949147099461
1,0.9812796726611641
1,0.7918962572434655
1,0.9471687577142889
1,0.07402905420040136
1,0.4517691691656866
1,0.9100316388107457
1,0.9977166209533008
1,0.9861933859235501
1,0.9051994194301265
1,0.9204123552970171
1,0.8439913365543158
1,0.9460745707003534
1,0.8303009813214816
1,0.9859650285444681
1,0.8934225902439253
1,0.9915182914563597
1,0.2053338633640414
1,0.23266263553115984
1,0.9919553800013194
-1,0.09447718899660124
-1,0.14013899960271786
-1,9.348465676032487E-10
-1,0.3032800831793983
-1,0.0031093347021238027
-1,0.00502518099350478
-1,0.0346846589996948
-1,9.460226981442638E-6
-1,0.847368510807079
-1,0.1502002088439501
-1,0.002602597858626949
-1,1.635795588114184E-10
-1,2.378970672759403E-6
-1,2.0902913396407725E-6
-1,7.50122964571522E-8
-1,0.6275520408832835
-1,0.7623273505015166
-1,9.67695438964402E-7
-1,6.749922013347507E-9
-1,0.028458576703301142
-1,0.0074605693854748155
-1,1.8297712719220733E-5
-1,0.01044530418879888
-1,5.725691366226292E-7
-1,1.4190924605216513E-7
-1,4.970828488798732E-11
-1,0.010783755245568832
-1,3.297729539834226E-8
-1,0.5405294299591914
-1,3.00000089999998E-14
-1,0.999377228214418
-1,1.6090576253006826E-5
-1,2.2855355691208108E-7
-1,1.1961151817558842E-8
1,0.9867846280411933
1,0.9483305800597245
1,0.9902181186817428
1,0.9302714406933245
1,0.5430220933133273
1,0.7972762392165634
1,0.9536270813490118
1,0.9513155039323771
1,0.9961100017872753
1,0.9874760549094168
1,0.234745430594894
1,0.43599763408912107
1,0.9374554004684034
1,0.971023246424105
1,0.8653072724433213
1,0.9664201032964151
1,0.9925376630120469
1,0.9980938465998302
1,0.9987513769067821
1,0.9986969218627983
1,0.9671210848091759
1,0.9848151384870427
1,0.9704853389247324
1,0.9437074923597019
1,0.894203389954351
1,0.9837986696461009
1,0.9995269528529975
1,0.9901873819297048
1,0.3627662228932084
1,0.2689953295251539
1,0.9949050057530308
1,0.1448095394561456
1,0.9889811052911984
1,0.9980038568265538
1,0.983512948966751
1,0.9954877996050218
1,0.15871705211326098
1,0.9963385894800348
1,0.9934284964574573
1,0.9995105578405084
-1,0.0057898281239744335
-1,0.15733564440169157
-1,0.4640739979101387
-1,0.04212413483836356
-1,0.35644876335766695
-1,5.0741754743320565E-8
-1,6.808552059863896E-7
-1,0.3940301339458949
-1,0.45003506075775407
-1,0.00810944534435685
-1,1.5029859655739288E-6
-1,0.7250655034524371
-1,0.007335596632233998
-1,9.274874103323666E-6
-1,2.1554752903122857E-6
-1,1.2594342927774973E-6
-1,0.9855741895068251
-1,0.004106997391109547
-1,1.8617210877749005E-6
-1,0.15348774125541953
-1,9.275626466988901E-8
-1,3.03309695595692E-6
-1,0.6011123031867212
-1,6.967062992667578E-8
-1,0.25249079860466556
-1,0.00653418464782293
-1,1.8561794263608198E-6
-1,0.37972944140230014
-1,0.9639579810800721
-1,0.01594087574044713
-1,0.06348540302385872
-1,7.11667765132812E-7
-1,1.386189399618406E-10
-1,0.3117338316249343