label,prob
1,0.3285804718507655
1,0.6081541117624442
1,0.47345416024787984
1,0.23933177015163043
1,0.4102266462692711
1,0.7747797080762048
1,0.5619371505027195
1,0.9028314617878511
1,0.2939191267535185
1,0.10262027313729795
1,0.5628646707225036
1,0.8802445843585384
1,0.3500318515605781
1,0.6805363377752999
-1,0.023286815043836947
-1,0.008283812525671378
-1,0.02365493980318605
-1,0.004582877669314626
-1,0.03978854889485546
-1,0.025091174813203665
-1,0.8045775338172264
-1,0.04209490033958229
-1,0.014513285378474582
-1,0.34287774986980496
-1,0.44865305101844827
-1,0.022026337261618716
-1,0.02525356764334416
-1,0.014598952257522781
-1,0.6691428165182901
-1,0.003160973551482067
-1,1.4611842575459608E-5
-1,0.10545284984043171
-1,0.24414067384294844
-1,0.027459826956527343
-1,0.15812957153130047
-1,0.681955065826513
-1,0.12591059668686005
-1,0.004018820769503038
-1,0.11685491074090582
-1,0.016934163507176882
-1,0.12202422784672472
-1,0.060760673902393966
-1,0.4552169199713077
-1,0.009700986390858764
-1,0.015170869041087654
-1,0.2285845668211191
-1,0.05500478822952664
-1,0.008501638042571747
-1,0.01417988199725263
-1,0.012918830293361936
-1,0.08806009364959608
-1,0.14653831602009745
-1,0.187367172397939
-1,0.0074403561460166185
-1,0.38399407588407136
-1,0.07428754449312441
-1,0.057542955660143974
-1,0.3002809662347945
-1,0.029877257607350043
-1,0.08808000329346764
-1,0.35090898192498543
-1,0.04073996812372039
-1,1.3384186530314607E-5
-1,0.028803211311519323
-1,7.97727285075977E-6
-1,0.039274913164541986
-1,0.3402705983999314
-1,1.8470718343382436E-5
-1,0.056849445657369886
-1,0.00576385265834844
-1,0.00396757459407716
-1,0.026347139832566903
-1,0.10624557339946165
-1,0.0197669260264486
-1,0.027313736300816262
-1,0.12848295687542566
-1,0.04012439559329264
-1,0.03819233557240592
-1,0.03221042194511245
-1,0.00977404808370349
-1,0.017166674490191235
-1,0.008541602208899149
-1,0.037753872041245196
-1,0.0031408420079382664
-1,0.17841751411914958
-1,0.07085868379622565
-1,0.5
-1,8.15352122120442E-9
-1,0.09229545132109328
-1,0.25809762142562137
-1,0.14323225996367903
-1,0.0663384546445648
-1,0.10604077525547513
1,0.7533057829222229
1,0.6807368218506391
1,0.30441378310218997
1,0.47916144977243946
1,0.2780627087000233
1,0.41730708966814006
1,0.33131814530125137
1,0.6852683001635195
1,0.5270256502675434
1,0.009783066569532864
1,0.6330719415075422
1,0.5939358044241494
1,0.5711581740651616
1,0.6849894702996934
-1,0.16752870053500876
-1,0.2570379061920857
-1,0.3316048164284304
-1,0.0038389322438628173
-1,0.010103882284214874
-1,0.04748456537444001
-1,0.10565411979802021
-1,0.012428104896074498
-1,0.023374732653714727
-1,0.026667627072534974
-1,0.2759205802634422
-1,0.019317984782877093
-1,0.003011364045745323
-1,0.0035285499182396724
-1,0.013828098105801177
-1,0.025200115909728045
-1,0.006574192361002792
-1,0.050440913620286666
-1,0.0037296722216929408
-1,0.008827105316034934
-1,1.7536543737131725E-5
-1,0.2625016110275927
-1,0.23398874272698877
-1,0.027630245815645278
-1,0.008656153888259481
-1,0.11851460523356193
-1,0.008324728932761828
-1,0.08605546111827307
-1,0.01055332108221858
-1,0.00433238561943054
-1,0.23355254917577534
-1,0.03770578963722538
-1,0.21951448974878013
-1,0.09893128769384721
-1,0.052435368293949076
-1,0.1104728127043163
-1,0.006957083230468157
-1,0.0109566172101919
-1,0.09361704561387264
-1,0.039841168146329126
-1,0.25080798391519943
-1,0.007358118017466458
-1,0.033884283358722116
-1,0.1089442098524575
-1,0.1547716457412836
-1,0.004440612051875916
-1,0.09900566539617278
-1,0.09390703877851506
-1,0.18786248698759886
-1,0.006876591435370513
-1,0.007608150934518696
-1,0.0064131605644670645
-1,0.12200151286202468
-1,0.0330847861415542
-1,3.2666328925387516E-6
-1,0.028553447091782938
-1,0.21804658224517934
-1,0.07339723604538408
-1,0.052143406763229344
-1,0.0774501657086928
-1,0.206409700568234
-1,0.06830717749356449
-1,0.059366397117090255
-1,0.4226848704317912
-1,0.0609289003017597
-1,0.022563236980139813
-1,0.022418793562956854
-1,0.6591743586161216
-1,0.054044101969698624
-1,0.029049633837135578
-1,0.007264874830678075
-1,0.0034377087932805405
-1,0.20621984678963198
-1,0.040163497783096455
-1,0.04371943964861484
-1,0.04639715477297965
-1,0.17832530270342173
-1,0.08371604499637479
-1,0.10823973396590839
1,0.20870789636528383
1,0.6294857257837333
1,0.33985628157077347
1,0.26181462318082954
1,0.5485820277092328
1,0.5188752076998812
1,0.6343003651883927
1,0.5152851187441466
1,0.35223884227495156
1,0.3577368061046022
1,0.6586172273409218
1,0.8264059273187371
1,0.220419232116134
1,0.6627689868783447
-1,0.01699421297812651
-1,0.014729523715329403
-1,0.023554568175613
-1,0.04226037349318004
-1,0.013942367731715196
-1,0.04643778976919632
-1,0.07402441696043362
-1,0.0025485793099287875
-1,0.0036407711938384337
-1,9.090997795347083E-6
-1,0.009973323827651093
-1,9.010718028449554E-6
-1,0.06362609551791677
-1,0.09227602790105771
-1,0.10970496899174564
-1,0.01689528888594245
-1,0.00939816713904357
-1,0.03108104579958958
-1,0.15884416643224714
-1,0.03185371768836053
-1,0.05133935403952792
-1,0.13448803010824875
-1,0.044013279619316975
-1,0.13741727057820816
-1,0.31060406276021146
-1,0.6215316488355933
-1,0.08611354680413345
-1,0.017724606479974973
-1,0.008769634432050926
-1,0.008845685301445486
-1,0.010120391540275605
-1,1.8026478092474508E-5
-1,0.33730984233819866
-1,1.6014448072757923E-5
-1,0.028286358366578893
-1,0.046738602855663905
-1,0.14607322604994363
-1,1.2371287480679037E-5
-1,0.1456644451755131
-1,0.0323192854324784
-1,0.015176095121535412
-1,0.03940704173687524
-1,0.39409963867491116
-1,0.02231494795495888
-1,0.16034948990690995
-1,0.5104331924087703
-1,0.07531866467899359
-1,0.008757441918927335
-1,0.008998113810533406
-1,0.0691078778945445
-1,2.811924033393775E-7
-1,0.02176514115798411
-1,0.009753231799691842
-1,0.01622960240628051
-1,0.23364944963575143
-1,0.008496521670481632
-1,0.32892677239333556
-1,0.06424401428667131
-1,0.0776885046638771
-1,0.011363929560953287
-1,0.10402399010258546
-1,0.018344048816520516
-1,0.0835508808308578
-1,0.02702128905668819
-1,0.00496790023155438
-1,0.12721837674319808
-1,0.014785691776453514
-1,0.0034449781299893583
-1,0.00865575415807852
-1,0.5196380786293955
-1,0.02153867209290397
-1,0.018002219849076833
-1,7.809873637539045E-7
-1,0.0195174369780701
-1,0.016001056878006053
-1,0.02798057694873339
-1,0.10786789446153078
-1,0.010012080765269509
-1,0.6984426627318515
1,0.5185560468942706
1,0.12092925715966445
1,0.5543795026060674
1,0.7084466022298429
1,0.44162284954447023
1,0.9605451581904639
1,0.31926709561096756
1,0.373902246826394
1,0.6448717817791255
1,0.32275572311184125
1,0.3481980234333269
1,0.10295837500237603
1,0.08187763905172653
1,0.1729303166802369
-1,0.04306375091155232
-1,0.007623403183297994
-1,0.033937663127364286
-1,0.0209734482084704
-1,0.08708076872586677
-1,0.010218652023293568
-1,1.180597867366174E-5
-1,0.0896455969018863
-1,0.011798983790431487
-1,0.2279118454527756
-1,0.41071679473824035
-1,0.2776774284371075
-1,0.00713042279338034
-1,0.007585333631838665
-1,0.015386040021616379
-1,1.2823528504355018E-5
-1,0.3933441750151577
-1,0.035983684124756214
-1,4.991713439665414E-6
-1,0.012026261352614094
-1,0.36931244458406
-1,0.015155391341177639
-1,0.0929580739161724
-1,0.04865976324012492
-1,0.015079602598179597
-1,0.015664996235586388
-1,0.007301387421120112
-1,0.018942456803978793
-1,0.007035826094177748
-1,0.39297790515546094
-1,0.005807094373345557
-1,0.039454311680183984
-1,0.21232038918654472
-1,0.1126526416142922
-1,0.19406646401214797
-1,0.40654125484686277
-1,7.741075207470532E-6
-1,0.08970498024577424
-1,0.04148926572075403
-1,0.009295042420791504
-1,0.012073969707951115
-1,0.002934806467900769
-1,0.009162483030083577
-1,0.022619237247442966
-1,0.00514046949426327
-1,0.07310712933933633
-1,0.05433350788663214
-1,0.10255672073762508
-1,0.2597833157648055
-1,0.0560835220918728
-1,0.008045759421234276
-1,0.01345134744295459
-1,0.05586391905570437
-1,0.10886752436790426
-1,0.08018334286943046
-1,1.101920082069804E-6
-1,0.007308860403153327
-1,0.21072549668086243
-1,0.04341956979577277
-1,0.045172983957874245
-1,0.11644578494946087
-1,0.004072437463055638
-1,0.43601329280366496
-1,0.009238939300943187
-1,0.008622865736297577
-1,0.19717008067203026
-1,0.035428814025973414
-1,0.13200167785623246
-1,0.19366799995316727
-1,0.041036009469329365
-1,0.6323478872999284
-1,0.007222912983452015
-1,0.024387559766268226
-1,0.007201262190886238
-1,9.109824184144972E-7
-1,0.3931851788787046
-1,0.10972688537233397
-1,0.01665669329258939
-1,0.04242002865717162
1,0.932746873125302
1,0.41495178845988023
1,0.8043675410275265
1,0.8161954309295517
1,0.16995593631076497
1,0.4689480647977818
1,0.4934166634680315
1,0.2005607086474335
1,0.6016126561177523
1,0.9058916248181578
1,0.3658675141744553
1,0.07225986085497309
1,0.5497861198374112
1,0.30411026349830095
-1,0.07256378953201155
-1,0.019426493830962923
-1,0.01999722515132302
-1,0.07213796519071627
-1,0.08521023806429084
-1,0.0027426131007962603
-1,0.007425605509863854
-1,0.1268464336120608
-1,0.018328315338217698
-1,0.00343058579248408
-1,0.38013105185310164
-1,0.27398055556395723
-1,0.002704346445161275
-1,0.009614712204799375
-1,0.08708324893504067
-1,0.14322935988390528
-1,0.010548204105082969
-1,0.016512372423207505
-1,0.04736639654594672
-1,1.2431356775019831E-5
-1,0.10702538664594276
-1,0.04002758931923131
-1,0.023580724098505965
-1,0.008870693407226904
-1,0.15064868597791709
-1,3.620165702567548E-6
-1,0.006109831895229185
-1,0.12340809321079232
-1,0.003445823673796958
-1,0.7586075130717217
-1,0.29859279208743467
-1,0.008698801535535261
-1,0.02127782810824825
-1,2.7506054884025316E-6
-1,0.1870456607081763
-1,0.016516848283966545
-1,0.007549804297886836
-1,0.03992194863838776
-1,0.15434283339965305
-1,0.015841495904005506
-1,2.498835929052219E-7
-1,0.03143451876772788
-1,0.01453662277882673
-1,0.031503445942517944
-1,0.026920894279276932
-1,0.1531754365186125
-1,0.1342646589109874
-1,0.05287250582733491
-1,0.004739799336374245
-1,0.010634003500270127
-1,0.02819642069869782
-1,0.14420373733441058
-1,0.021243009737726422
-1,0.16940731879370396
-1,0.015516239357180073
-1,0.004577381914759538
-1,1.1926343788898323E-7
-1,0.034474265460547465
-1,0.03557168638192908
-1,0.004806899530098929
-1,1.1082678517072762E-8
-1,0.004687017957871253
-1,0.00428897816938302
-1,0.0038312748883496724
-1,0.00860252721933648
-1,0.013968228104123402
-1,0.39953872335344615
-1,0.015955967565959343
-1,0.009793486724061577
-1,4.045706339642065E-7
-1,0.31846268796411087
-1,0.21307391881676999
-1,0.019532392203121873
-1,0.008765268317837577
-1,0.06102418739551042
-1,0.3859481810654395
-1,0.16387694876996847
-1,0.14357048627319788
-1,0.04867325143955024
1,0.6696661696971159
1,0.31545387267992925
1,0.6067133818590058
1,0.539041981385802
1,0.5633171706077269
1,0.844939522263425
1,0.6790210571586316
1,0.2136818936007463
1,0.38317402105950144
1,0.4113906310955771
1,0.3881592784756536
1,0.1360960006961478
1,0.3273275259018633
1,0.5691463073896521
-1,0.15623139661529176
-1,0.03663259323609469
-1,0.032019749837777556
-1,0.007459916296497263
-1,0.21915989595042404
-1,0.08923431952123069
-1,0.011570250920486823
-1,0.09225484475247221
-1,0.013907185631585618
-1,0.03768548252763386
-1,0.04028942976483553
-1,0.19625345333432
-1,0.1007143286014904
-1,0.17298683825453298
-1,0.1943582289662284
-1,0.012330090036528967
-1,0.010108038123506437
-1,0.013986196452293419
-1,0.026679305264458254
-1,0.038501769349649426
-1,0.13237318756809358
-1,0.11258576729590197
-1,0.0052442335756695034
-1,0.2650074752680525
-1,0.028161211791937105
-1,0.00704932740035103
-1,0.16772339409118478
-1,0.03555725166983425
-1,0.21618592317692242
-1,0.31521077492794314
-1,0.004393885418310197
-1,0.017094376149370656
-1,0.2216803842609654
-1,0.03829618511134013
-1,0.20872558720247017
-1,0.00811776139384408
-1,0.16436621821274455
-1,0.015631438738594385
-1,0.033714579084375085
-1,0.5
-1,0.030514687985574968
-1,0.07114035654124866
-1,0.042192490917208586
-1,0.1798104592686313
-1,0.012924589014402741
-1,0.00715765714999081
-1,0.1934496667460216
-1,0.011127054534355776
-1,0.04531847218510867
-1,0.4271323233683454
-1,0.21271045784165052
-1,0.10841668895252239
-1,0.012628070480651869
-1,0.05581227000469829
-1,0.008988053863656845
-1,0.12108937557000914
-1,0.03354951546240134
-1,0.30876216639983783
-1,0.36673083346263324
-1,0.014753223275899377
-1,2.6541358491817686E-7
-1,0.10109246504465427
-1,0.04619333403679632
-1,0.41181988751316456
-1,0.01798730446584994
-1,0.07738152502256557
-1,0.03867513519676818
-1,0.037617587612397474
-1,0.08844069364495295
-1,0.028857272078510392
-1,0.005718485537504184
-1,0.07971941443673795
-1,0.17675129707827728
-1,0.030566850615272968
-1,1.2591232283879865E-6
-1,0.1727843370679806
-1,0.07797500664582603
-1,0.040403182851423046
-1,0.0608721926297011
1,0.5855686039085832
1,0.13124502258215914
1,0.06039849130570931
1,0.3545501336962354
1,0.5978322506709522
1,0.7559953172287937
1,0.5176486896223392
1,0.07652868180595437
1,0.18432474347414546
1,0.38474659193067856
1,0.3479108604485485
1,0.6820652391778937
1,0.5354265052970127
1,0.4230436722944062
-1,0.14242799324383656
-1,0.04466845181330932
-1,0.10672732618095694
-1,0.02245696859248111
-1,0.007084767009223806
-1,0.07162918213511385
-1,0.014217720051405687
-1,0.008064930653967647
-1,0.7558409943405968
-1,0.21913662834585015
-1,0.036003984785510056
-1,0.01890048696621325
-1,2.4081545170370187E-7
-1,6.572129939798069E-6
-1,0.01282945345912621
-1,0.0043680669722812315
-1,0.0930892697711689
-1,0.07323371237530336
-1,0.5084393279535945
-1,0.28949803509510375
-1,0.00408871724076562
-1,0.060331293053086064
-1,0.1474332071718043
-1,0.03070438381875215
-1,0.09224565970823091
-1,0.10812866711137013
-1,0.013523450192508705
-1,0.022983052010527135
-1,0.013149654130171492
-1,0.6921451588378851
-1,0.02552908983917826
-1,0.010958447080841099
-1,0.003816420291197339
-1,0.2335007065081216
-1,0.03699768871191244
-1,0.01984606916734544
-1,0.004508924272090829
-1,0.007958607402342973
-1,1.1996238369352652E-6
-1,1.716063452577119E-5
-1,9.767191065550723E-6
-1,0.014082738736856634
-1,0.016954660563890996
-1,0.1885050503373005
-1,0.029291815619925027
-1,0.14998040024447035
-1,0.035271634272838914
-1,0.027473732459842505
-1,0.004749213044637799
-1,0.011153387280708313
-1,0.3873198986038239
-1,0.11748043719369279
-1,0.02967778172925671
-1,1.2538247664718585E-5
-1,0.010877883874258854
-1,0.0029272037914580776
-1,8.559003089453752E-6
-1,0.003591117798108372
-1,0.1001263290489162
-1,0.38988411921488364
-1,0.20335795847399166
-1,0.007251415994858188
-1,0.022054868545309275
-1,0.0037566253145379504
-1,0.2310830101240159
-1,0.023847144156048435
-1,0.014149350612629199
-1,0.03633761012543672
-1,0.021536939017643333
-1,5.027192899059822E-7
-1,0.013172704921623353
-1,0.009366639355928984
-1,0.01952174460207242
-1,0.08547711134892447
-1,0.010285273591378142
-1,1.2772460442653913E-6
-1,0.19916301937467554
-1,0.04084541704867727
-1,0.04751824200234943
1,0.7232379464391555
1,0.42808860393357173
1,0.9243605630709643
1,0.9824995763069073
1,0.5434920000736414
1,0.9638975748141149
1,0.1322456070444167
1,0.13205531696079076
1,0.6086567791661105
1,0.76250574687568
1,0.005427816251199952
1,0.26772572488221863
1,0.45680502762872804
1,0.8449013489628018
-1,0.3081616088930977
-1,0.2273030964288741
-1,7.728067164124154E-8
-1,0.17181435835765718
-1,0.03549072435027957
-1,0.0813598109066137
-1,0.014966336077747645
-1,0.5551904904886089
-1,0.09174417915356808
-1,0.029268149965847555
-1,0.03138180280032618
-1,0.011082216764952002
-1,0.16491503026458554
-1,0.0031982887563135553
-1,0.010438730599992476
-1,5.633961805986918E-7
-1,0.0533333622266493
-1,0.025597843716650602
-1,0.015099529014910969
-1,0.1051716494174535
-1,0.04470051565566339
-1,0.25048761928805474
-1,0.005634325620639268
-1,0.05628793967746108
-1,0.018515259158199893
-1,0.03597261047628897
-1,0.04931356037645781
-1,0.008329520351230149
-1,0.39324245809278036
-1,0.08815962350993821
-1,0.40431937245503036
-1,0.037394160292465894
-1,0.0026687534046475917
-1,0.15396605472316613
-1,0.02329575249393348
-1,0.029222015768173907
-1,0.11996853395223889
-1,0.06400086704156475
-1,0.11280296178881455
-1,0.0792412938914593
-1,0.1666407825134279
-1,0.13367206143684285
-1,0.06883259401895833
-1,0.08728570695931821
-1,2.404981897459542E-6
-1,0.01546107554677894
-1,0.058043584113335225
-1,0.14468185819103488
-1,0.0026446991130692613
-1,0.003255492539522674
-1,0.016095137245764814
-1,0.010988113300069763
-1,0.0027915639889374865
-1,0.04410445087125085
-1,0.025288962769607876
-1,0.04424083669921633
-1,0.1660905740863138
-1,0.004765814545734278
-1,0.12572398444720842
-1,0.08535564130155353
-1,0.013075316500338148
-1,0.03719957414295882
-1,0.023098139974590735
-1,0.059847892510970856
-1,0.02450312618211304
-1,0.025368895929762828
-1,0.005149421668838619
-1,0.07309462294633083
-1,0.016540060018686478
-1,0.026659851728379758
-1,0.03217258210503352
-1,0.07056687064788479
-1,0.011437628671578267
-1,0.003505737277808255
-1,0.01377691048381433
-1,1.7063817132243928E-5
-1,0.27015669359845446
-1,0.040214540060515745
-1,0.4744692973431755
1,0.4687966933116933
1,0.38887954167053906
1,0.14964430582838265
1,0.31388288667563974
1,0.5683135093868292
1,0.8132835563058355
1,0.4748107149447528
1,0.9138591430686068
1,0.9401339735882005
1,0.8000514732760883
1,0.48224592088672585
1,0.3240792176858615
1,0.208806547679075
1,0.606840771885955
-1,0.05205570940616431
-1,1.9458726128195912E-6
-1,0.016300932817058484
-1,0.029666004768482083
-1,0.006097340523236343
-1,0.015343264636248202
-1,0.7537065637297431
-1,0.00828934575930076
-1,0.005632984509545985
-1,0.09372577460446126
-1,0.15393118826355287
-1,0.2027050109162193
-1,0.005015322928862896
-1,3.0902052227494066E-6
-1,0.5
-1,0.3712391525020232
-1,0.01870034995850215
-1,0.696283496109968
-1,0.16929683804215176
-1,0.056463984600022006
-1,0.03151812414324761
-1,0.4568171326398643
-1,0.06921478812850063
-1,0.016691682820238644
-1,0.20316984190092358
-1,0.09439722825611427
-1,0.21449203215856755
-1,0.6721941655151092
-1,0.2141647207255579
-1,0.004844905968584223
-1,0.13787118335900397
-1,0.009427483835698292
-1,0.17968292408785771
-1,6.020467389666538E-7
-1,0.07638744389820472
-1,0.005577157988404353
-1,9.46256270673548E-6
-1,0.03193888956258977
-1,0.004122493523014485
-1,0.006657559455275947
-1,0.011798163851402704
-1,0.06176537994388496
-1,0.04138796067105171
-1,0.4438338659083194
-1,0.24919332251364237
-1,0.018072215899719524
-1,0.0034896658190454017
-1,0.02190182974827841
-1,0.0032598643536415188
-1,0.019292425667368385
-1,0.1326018810117251
-1,0.017171475572871332
-1,0.45168170457592305
-1,0.12721341981439993
-1,0.06520769702995162
-1,0.0025380409657439714
-1,0.0699251753183477
-1,0.1080823238947722
-1,0.002803793004070956
-1,0.003073159749959068
-1,0.08699072483062145
-1,0.01756156588271546
-1,0.016984808460040583
-1,0.037607950390187064
-1,0.015115653814327985
-1,0.3685573373475949
-1,0.010633038651295381
-1,1.1531837325720152E-6
-1,0.029632931226640725
-1,0.020924690395833296
-1,0.4726023525702676
-1,0.374108980188836
-1,0.028407299629803647
-1,0.6084353445277427
-1,0.033242860593006816
-1,0.060990756575385885
-1,0.0552982483864899
-1,0.7937739655942326
-1,0.015520523089835179
1,0.464178975415768
1,0.8919138071368234
1,0.4110277533822277
1,0.17241341865862145
1,0.8032339578228818
1,0.6220698878081953
1,0.14642293164492454
1,0.6650375120516656
1,0.4445282693336971
1,0.009207664333558022
1,0.38285919154666725
1,0.42032329166724647
1,0.034635289270627874
1,0.0283259640557281
1,0.8876694698129602
1,0.703819306790208
1,0.2018870835850481
1,0.7033455965884593
1,0.6882068699044634
1,0.6338551667082098
1,0.1340061817099269
1,0.90694659757966
1,0.60164733520397
-1,0.03461539229879384
-1,0.004455866362393674
-1,0.06492236682576716
-1,0.012260573250733197
-1,0.003125423242972524
-1,1.246997338461896E-6
-1,0.01615758008521662
-1,0.13242950110572707
-1,1.2047650776579903E-5
-1,0.0750005648113095
-1,0.0035505604106745026
-1,0.019048445369015447
-1,0.0699886200942325
-1,0.013070694498666442
-1,0.07051403323838253
-1,0.03370530078770043
-1,0.1553517057787191
-1,0.01755645024489086
-1,0.06819439375392226
-1,0.035055492931785226
-1,0.016264240941063664
-1,6.647658885089457E-6
-1,0.15042049465810356
-1,0.17405376614457246
-1,0.061823471323215744
-1,0.008851428369748513
-1,0.07991510234406551
-1,0.02399853446291492
-1,0.29757232828652935
-1,0.00959652966055768
-1,0.07623943419448931
-1,0.0031581353558587325
-1,0.07406661818911768
-1,0.035464930853219716
-1,0.06767880296120758
-1,0.014240321144705652
-1,0.0349198217932872
-1,0.022491210172789218
-1,0.09450535841290755
-1,0.03237545206061572
-1,0.022136123144885243
-1,0.2706852780999645
-1,0.6304276758400618
-1,0.24629907649402105
-1,0.16197635057336499
-1,0.005707115015267093
-1,0.006527299763609373
-1,0.3529256608713896
-1,0.12301443506872571
-1,0.1371926759273923
-1,0.0038501925371577307
-1,0.018162854858572768
-1,0.021347939323942692
-1,0.032903558738287944
-1,0.021656172841207716
-1,0.4263940426500295
-1,0.04456274323488508
-1,1.563299650907185E-7
-1,2.9024193937185375E-6
-1,0.00719018714582047
-1,0.010917416545908038
-1,0.26939389916819295
-1,0.025807899764082296
-1,0.01362475046083223
-1,0.012923969731611237
-1,0.058498146441183695
-1,0.004968257041246661
-1,0.003229394711010498
-1,1.0650600329331581E-5
-1,0.08023195503457382
-1,0.014691484788955312
-1,0.07824105575642937
-1,0.01014626726412057
-1,0.0027394850208350766
-1,0.03432469777554057
-1,0.0073781559443767825
-1,0.27310460293408423
-1,0.01567821346069176
-1,0.015078655251177023
-1,0.018019443723783998
-1,0.16264693575051156
-1,0.011234126652441667
-1,0.03159660033422603
-1,0.09976706461407035
-1,0.01982264103898464
-1,3.903518514398059E-6
-1,0.007365564342534631