label,prob
1,0.4219394953970606
1,0.7508424991799757
1,0.5615255589420114
1,0.7665894444559023
1,0.27001535136780863
1,0.709477266585593
1,0.5870348233478797
1,0.9555708522816772
1,0.8077949286380921
1,0.8216056234778439
1,0.45493892733971786
1,0.07413468622265094
1,0.8727848729942923
1,0.9519329362012204
1,0.6400386847343915
1,0.9466024257332534
1,0.45809541163490397
1,0.8233113001362417
1,0.19050294399589288
1,0.9130207666738156
1,0.7802650417315373
1,0.9638047985005707
1,0.49092122477480254
1,0.810297611767762
1,0.27592391339727945
1,0.36740092237670924
1,0.2151435998567625
1,0.8037064723604879
1,0.44298229650471144
1,0.24634855886953622
1,0.4789407936812664
1,0.7254641285047623
1,0.8410412552470348
1,0.9325013133367724
1,0.8107887792627307
1,0.5594378433667693
1,0.6471270578392724
1,0.8417382819312392
1,0.817813902495181
1,0.007088091495304857
1,0.7811613796301856
1,0.8717540352205375
1,0.5879912395782033
-1,0.006097269391013109
-1,6.578260374724365E-7
-1,1.3190578756884988E-5
-1,0.003603050564335933
-1,0.008742829521146465
-1,1.357270702327323E-7
-1,0.01668658078127309
-1,0.10705047674626057
-1,0.009271494173102723
-1,3.6782591346714913E-7
-1,0.18541527507304062
-1,0.7368789491365527
-1,0.0493050713288173
-1,7.582677753053228E-6
-1,0.28734752658133966
-1,0.004853763989575297
-1,0.01663253957440734
-1,6.838652631550677E-6
-1,0.007698516943263953
-1,2.5727663292609244E-8
-1,0.0025478318065010725
-1,0.0027178301953725377
-1,0.004048794489689865
-1,0.03192233471943092
-1,0.16521732666807828
-1,2.004744032490602E-7
-1,0.09436459954118837
-1,0.010144133079927781
-1,0.0037564353687607912
-1,0.8758001620344557
-1,0.0032911803323170956
-1,0.08210568766782253
-1,0.1802504380438651
-1,1.3805532520194633E-5
-1,3.3573791075975076E-6
-1,0.021783203385240354
-1,8.025776255910386E-6
-1,0.09259138800647777
-1,0.0027325369648742654
-1,0.002567288247332332
-1,0.0032949445646976313
-1,5.5642041393132905E-8
-1,0.050982386623837014
-1,0.02017981384709622
-1,0.016761137755624114
-1,0.0028418866603992766
-1,8.571196658390419E-7
-1,1.8772359679003496E-5
-1,0.008009123434038362
-1,0.7671707993968521
-1,0.003061512796883291
-1,8.190031259687709E-6
-1,5.048338452572422E-6
-1,0.03058476686838335
-1,0.09771777208321655
-1,3.159193653941811E-6
-1,8.390941737756075E-6
-1,1.2286750511289923E-6
-1,0.021831674057742764
-1,0.03543215898477107
-1,0.36525727186679197
-1,0.0028828156948881925
-1,0.10193253205898503
-1,0.20090194079199253
-1,0.6605274426631771
-1,1.633952322088668E-5
-1,0.013963723624842623
-1,0.09370613182219895
-1,0.013325900071919472
-1,3.6440973004270686E-7
-1,0.005114563754257291
-1,0.3799758988483361
-1,0.008973791814439167
-1,0.0031093398622285637
-1,0.028680719154594938
-1,0.052188777271450965
-1,0.08217335501409626
-1,0.03676527928599685
-1,0.33918840456135346
-1,0.004321713926213057
-1,7.514010142900539E-7
-1,0.005035320930131324
-1,0.004210625039167988
-1,0.011529406997246737
-1,0.004528958707047926
-1,0.005077703137911102
-1,0.2744442741448662
-1,0.003950739250745997
-1,0.00376532468600716
-1,5.2647541514748785E-9
-1,0.042063662718003346
-1,1.546755651998532E-5
-1,0.0025719841951575657
-1,9.996812029521812E-8
-1,0.01310013033465602
-1,4.239159394175571E-6
-1,8.887791093328726E-6
-1,0.01851316973528853
-1,8.643376638089574E-6
-1,0.1505246373629169
-1,0.0135250260136006
-1,0.006129691650078282
-1,0.01696141598501632
-1,0.8075297271313738
-1,1.341521572185376E-10
-1,0.0066821981526514465
-1,1.5255924298229753E-8
-1,0.13842109563297297
-1,0.3082533143682999
-1,0.12528563312132346
-1,0.0060498361219459024
-1,5.8222727807263656E-6
-1,0.0627284774735039
-1,0.006261723885015844
-1,0.11190625781604094
-1,0.07986790284448382
-1,2.7022916515748957E-7
-1,1.1847979375613897E-5
-1,0.008930350105877468
-1,0.00824527797455731
-1,0.004653138588999658
-1,1.9999556165706218E-8
-1,0.09221777981072359
-1,1.2230204330683646E-5
-1,0.022582281319833954
-1,8.061967697890639E-8
-1,0.003575492792027244
-1,0.012364358991073845
-1,0.013856887193687764
-1,2.879929443113566E-6
-1,2.1289266284228323E-11
-1,2.37365114459943E-7
-1,0.4296862576573599
-1,0.010549740743258224
-1,6.948609338265736E-7
-1,0.0318392665347051
-1,0.03144969666540892
-1,3.292643479088673E-7
-1,0.08640507745258404
-1,1.1641851665070587E-5
-1,0.024515073657352046
-1,0.027567260376041312
-1,0.028468060532507597
-1,0.009136267829479846
-1,0.26088057382325597
-1,0.21342306255907173
-1,3.211821064542127E-7
-1,0.939778196770516
-1,0.04111623058559139
-1,0.049853223167407645
-1,4.198117990571074E-7
-1,0.3530458131264146
-1,0.04370415296319199
-1,1.785588464938797E-5
-1,0.0078178936297101
-1,0.035583338306149834
-1,0.008431426185384972
-1,0.24235706934275578
-1,9.224569310976498E-9
-1,0.10271663147439941
-1,2.7291574108330356E-8
-1,0.009573576695077374
-1,0.002637011647356942
-1,0.8524761804041717
-1,0.153955964013406
-1,0.004899887550200902
-1,7.058365681025389E-8
-1,0.03448602430895876
-1,0.003825856413019776
-1,0.010840271494550828
-1,1.9918938337666387E-8
-1,0.5455442550745124
-1,0.004503340511323067
-1,0.13025239657015208
-1,0.11053245823558398
-1,0.01172910619434989
-1,0.018139950546833938
-1,0.021228432827020915
-1,0.014559804150742947
-1,0.0075122028945592955
-1,0.0785752290245059
-1,0.00811651242276191
-1,0.02147588798029557
-1,0.010963941072590123
-1,0.08038696290235704
-1,5.703996790660164E-6
-1,1.3030784036859129E-5
-1,0.022744908698408575
-1,4.0834018310731536E-7
-1,4.3277237537948205E-7
-1,0.023222572442396963
-1,1.3158107234405708E-9
-1,0.016342315597057646
-1,0.037226544888478014
-1,1.7846839058145823E-8
-1,1.2053008962816367E-9
-1,0.006480466339749488
-1,0.021729821170917422
-1,5.872228123089287E-6
-1,0.05446031381046857
-1,3.3622175480219546E-6
-1,5.619388629527364E-6
-1,0.0067300291748058
-1,3.713708424470118E-6
-1,0.5574295414542216
-1,0.030473115672540036
-1,8.171293680155128E-7
-1,0.24672069320679552
-1,0.012246280801767222
-1,8.487459011718444E-9
-1,0.11558143987669073
-1,0.025209462737709756
-1,1.714904052199802E-5
-1,4.960447965149999E-6
-1,0.2383177792422524
-1,0.017717242542284982
-1,6.021180129728298E-8
-1,2.9247344965346616E-8
-1,1.190707372715908E-6
-1,1.9848784175555998E-7
-1,0.07002047338808816
-1,3.042820756814064E-6
-1,0.010979772869686991
-1,4.397320574497808E-7
-1,0.2591578790956212
-1,0.0242782269943537
-1,0.04283864647881881
-1,0.007571983388892742
-1,0.01018790071450476
-1,0.0044821322272784354
-1,3.961550921793768E-7
-1,0.005671342018841457
-1,0.04762716631902841
-1,2.705956388026601E-6
-1,0.007162338243220443
-1,0.3786263722175383
-1,0.005797434631339048
-1,7.945824955869793E-6
-1,1.1161454079443678E-5
-1,0.22455919594023557
-1,1.065263758664151E-7
-1,4.3103201754872405E-6
-1,0.005819716341051156
-1,0.005458619811809571
-1,0.008467647384531582
-1,0.016799417381784944
-1,0.7692196110551491
-1,0.17792516961257426
-1,0.015008902954606844
-1,1.6506196175362564E-7
-1,0.01810655457486938
-1,8.055160171310568E-6
-1,0.005137401967476663
-1,5.450166273017631E-7
-1,0.04895779840544935
-1,0.40706203430038906
-1,0.005189444770025071
-1,0.0025497281306709877
-1,9.697919392745048E-7
-1,0.003799230360070646
-1,0.869280481931623
-1,0.3546824285787163
-1,0.010219264228585854
-1,1.767305234057443E-5
-1,0.07878728026539034
-1,0.002874544457110429
-1,0.055299850035026084
-1,0.14170299121676352
-1,0.007338688430640799
-1,0.0651950408560627
-1,0.025692534411633064
-1,1.8148074652203035E-5
-1,0.02188825625170789
-1,0.014117110767785938
-1,0.015188864284555901
-1,1.059870259946391E-5
-1,0.1736539115974412
-1,9.487020430020686E-6
-1,0.008090410234817096
-1,0.09848439035606708
-1,0.009757102864269594
-1,0.09230604601033209
-1,0.005102758779525318
1,0.9768964183490461
1,0.6112492200697306
1,0.13333181698249225
1,0.18900718340034486
1,0.6992284521186138
1,0.5
1,0.7128643769176394
1,0.560454321075114
1,0.5466849679486147
1,0.5108196972087815
1,0.7953813029779505
1,0.008005765125736579
1,0.7532296861925688
1,0.7820835784184638
1,0.8487018508619185
1,0.7406241777448259
1,0.2118040613935793
1,0.027371391293213185
1,0.8561710195060489
1,0.8017628840523032
1,0.9423279643661994
1,0.9612975756831975
1,0.1272971516887356
1,0.2068464478076762
1,0.997613750208332
1,0.015166332389905352
1,0.7311440894964456
1,0.6086868881974506
1,0.7076357631541639
1,0.9559658825506279
1,0.7303241257804148
1,0.6458307945773232
1,0.8726161748396155
1,0.7749445986756748
1,0.4023070770781777
1,0.5888086737114948
1,0.5313085490062925
1,0.6828371447338559
1,0.08742006672052156
1,0.6790947852068949
1,0.18184021084881222
1,0.34140635157777866
1,0.4945943095504088
-1,1.5588788984673863E-5
-1,0.027748617659039847
-1,4.5623233509998814E-6
-1,0.0278853647844913
-1,0.23926795379683985
-1,0.003872739626539261
-1,0.003242833675577178
-1,0.20447812680361666
-1,0.006934048243497415
-1,0.0385123302934172
-1,0.028270900191375015
-1,6.58675173791871E-7
-1,7.494086789983735E-7
-1,6.4509612625628754E-6
-1,0.05106611778427438
-1,0.0074283998948887426
-1,4.6662496072706215E-6
-1,0.013510647769448094
-1,0.03792018795523814
-1,0.1549096754158162
-1,0.008796038591339069
-1,0.08376133421597305
-1,0.041731223282040486
-1,0.0491979909734104
-1,1.3643048540197261E-8
-1,0.002727653630771148
-1,1.5023407867402358E-5
-1,0.6538762951431337
-1,0.06373639213548056
-1,0.038836392165574385
-1,0.02693186310350874
-1,0.00528020538662903
-1,5.729856810345496E-8
-1,0.2040286859119399
-1,0.01810262234162549
-1,0.4735167784611606
-1,7.893051299974986E-8
-1,0.01001888093515743
-1,0.03777397088869545
-1,3.4361939373625485E-6
-1,0.015084026839636947
-1,0.005478048327028422
-1,0.39316913736438275
-1,0.015513632063972273
-1,0.00932299982952657
-1,0.015247723284093209
-1,0.016307170115244313
-1,3.794165057657568E-6
-1,0.012653992495398489
-1,0.00816302435793109
-1,0.0062198862667946836
-1,0.01674554491170533
-1,0.015296340067067314
-1,0.008546573360675444
-1,0.08741932725780058
-1,0.07770922150400435
-1,1.0345204764565148E-7
-1,1.2379209439806441E-5
-1,1.145308341827442E-5
-1,2.94448712529741E-7
-1,0.22551925333105835
-1,0.0037670958881699254
-1,0.10881989996624958
-1,0.7362654122259369
-1,0.030089422747281713
-1,0.06369209028561598
-1,0.17710623915465865
-1,0.007164457989470433
-1,0.0033416377822678436
-1,0.005494638742615556
-1,0.054797933948476124
-1,0.003604479326716792
-1,0.0819082394176356
-1,4.301258142493092E-6
-1,0.010517272470818904
-1,2.1621897466607685E-7
-1,0.006039702724613163
-1,0.009113395497572696
-1,1.521910382054294E-6
-1,0.1492427228984175
-1,0.01669119325858358
-1,0.014123642393992223
-1,0.3552157256644582
-1,0.007017673872978671
-1,0.0027868164598298544
-1,4.782914909819816E-7
-1,0.03167699670971728
-1,0.27690351448758943
-1,0.009740334019629366
-1,0.02088118985999839
-1,0.4113393315228582
-1,0.0038375105971974457
-1,1.502221768391353E-8
-1,0.003944797487361627
-1,0.013385730924212478
-1,0.028634619851870283
-1,0.004199194895445396
-1,1.7878244070825352E-5
-1,2.3064116348975402E-7
-1,4.4675572264508694E-8
-1,0.0034596217211497627
-1,4.495283146074751E-8
-1,0.0030190655284928446
-1,0.007333064083628404
-1,0.10336523824592814
-1,0.009126641467343159
-1,0.035144964539618205
-1,0.003846161043086596
-1,0.04339934175975278
-1,0.3891633997193012
-1,9.163073013278639E-9
-1,0.03641563552385445
-1,0.0027684961102716235
-1,0.15099134780816795
-1,3.099661738801707E-6
-1,0.005560906257298944
-1,0.47128569188476144
-1,0.021440214429220776
-1,0.13255800901927847
-1,3.967330099698855E-11
-1,7.4542398341619705E-6
-1,0.43628298915211455
-1,0.04923864322264009
-1,0.009031343320271895
-1,4.2603536640017944E-7
-1,9.895667978337159E-7
-1,0.0036476228199618832
-1,1.714074302712715E-7
-1,0.021910600321965384
-1,1.5721370416161446E-6
-1,0.054641093969011824
-1,1.3856171284178872E-8
-1,0.06559856046847366
-1,0.006106815056345744
-1,0.010975718668627066
-1,0.0048660787374845355
-1,0.005113650091472576
-1,4.12977120393251E-6
-1,0.03946428118514813
-1,0.28793876941778307
-1,9.86950054653767E-8
-1,0.02277029325996329
-1,0.0061363909902008105
-1,0.1779062334623497
-1,0.05525688011698604
-1,8.351687695291358E-6
-1,0.0071352998399820235
-1,0.2834895366535153
-1,0.16968601932644994
-1,0.20927644680218524
-1,5.808113803116806E-7
-1,0.007484112371064674
-1,3.110140013379063E-8
-1,4.0278539382761935E-8
-1,0.10501137510203346
-1,0.0278987904578024
-1,0.003419947985591148
-1,0.007252979820335456
-1,2.362066178123149E-8
-1,0.09749084465290796
-1,3.0285051185178294E-6
-1,2.308643001403684E-6
-1,0.002643398618951751
-1,1.727110686815363E-8
-1,0.002696435599766006
-1,0.22309504887651013
-1,0.044017889126888365
-1,0.007341415205718915
-1,1.2666030276802303E-6
-1,0.07315163492890377
-1,0.007604472284735525
-1,0.018437663106763272
-1,0.003335529163959494
-1,0.02427183261988979
-1,0.0034903243692993957
-1,0.012670685899613137
-1,0.06308960228206038
-1,0.4243197220835698
-1,2.647335009403706E-7
-1,0.015918917279298297
-1,0.0887629317230541
-1,6.135106390205629E-7
-1,0.5100100410567314
-1,0.0033542142644306986
-1,0.19258043824434853
-1,0.0036345201696666245
-1,2.3537187420809167E-6
-1,8.774136631759223E-9
-1,0.02301384569309059
-1,0.17764533599692858
-1,0.006094436616582059
-1,0.0036169239935151423
-1,8.668430337718264E-6
-1,4.2801750084437884E-8
-1,1.2639994378626152E-6
-1,0.0028424908148276706
-1,1.5898667570580216E-6
-1,0.7451350715371192
-1,0.02172609223741818
-1,0.03609443912351089
-1,0.025921706332871445
-1,1.69504405989604E-7
-1,0.0056425186208869755
-1,0.02074214462557763
-1,0.0027904532794395336
-1,0.003491757984294035
-1,0.38369525368362456
-1,0.15559076875199726
-1,3.891620650022036E-6
-1,0.11414703801667812
-1,0.10347703462994859
-1,1.6258560549212217E-5
-1,4.1983912178302745E-6
-1,0.30384347747950546
-1,0.18185239953647558
-1,0.003058456086364655
-1,0.0680803130548256
-1,0.019563583744142122
-1,0.003981041517159212
-1,0.05665628357920686
-1,0.03522765884434741
-1,2.4211302125128137E-7
-1,1.3994226052875584E-6
-1,0.38957864620007665
-1,0.09968214311190589
-1,0.007296022088001917
-1,0.17363533553578875
-1,8.641806118319765E-6
-1,0.21613290886857164
-1,0.04720178195279774
-1,0.2037996605131245
-1,3.612587089107521E-6
-1,4.740124138465114E-8
-1,0.08336330224017703
-1,0.004934088330890966
-1,0.02924565560848548
-1,0.1848685348108456
-1,0.020092236249412504
-1,0.009157651858748367
-1,0.019248316885233978
-1,0.024646411004821712
-1,0.025630444401569103
-1,0.07075982316851341
-1,8.286015458274198E-8
-1,0.2769538924028628
-1,0.00786152205548645
-1,2.7451903620757385E-8
-1,0.015304604819086376
-1,6.3637630660235065E-6
-1,9.8066970982414E-9
-1,0.03980411665679871
-1,0.07224899602629097
-1,1.2999375480470513E-6
-1,0.008461777033622156
-1,0.03230453775172172
-1,0.08882334507756581
-1,8.076690698079986E-7
-1,0.03535758396639257
-1,0.021494449430598552
-1,0.003201943709518552
-1,0.033704496049932565
-1,0.06649357925520431
-1,2.278961911622941E-8
-1,2.775456327386808E-10
-1,8.83428482355579E-6
-1,0.17707000554197844
-1,1.905072481777849E-6
-1,1.6389589368417134E-8
-1,0.04107343534009119
-1,0.006092340220375088
-1,0.018008782869820435
-1,0.003159390509368445
-1,0.04603165432017123
-1,0.04982302452000722
-1,0.006028604783327897
-1,0.03146972921568003
-1,0.005423480699147878
-1,0.02420608922492407
-1,0.0680221920000447
-1,0.004737559232378653
-1,0.011149745648547519
-1,0.048010561287146127
-1,4.1434693315968084E-6
1,0.25970775015116737
1,0.17397383486534904
1,0.9753715588967663
1,0.5571897832044715
1,0.05196876748327274
1,0.260148488170242
1,0.9523410722628932
1,0.7147758637285021
1,0.017427952990931733
1,0.8409876164437429
1,0.42141238552018423
1,0.8779848892611515
1,0.9008523488724268
1,0.9612409844219201
1,0.8514018281289397
1,0.7841304363397437
1,0.7867977885763453
1,0.6376095648311529
1,0.9860456595652788
1,0.10458821171894855
1,0.9481237142146448
1,0.4899139653956057
1,0.7798301955664206
1,0.056593665209082
1,0.7317271265423679
1,0.9225021625559731
1,0.48856151760511357
1,0.14405053578239319
1,0.8637828314865869
1,0.8879246433124962
1,0.8686491631230098
1,0.5946858491994226
1,0.8263920810987608
1,0.8000288234382211
1,0.8436309291961854
1,0.5269145458095492
1,0.13750191383892793
1,0.7097029614953758
1,0.6624401581054247
1,0.353163544250468
1,0.6487637082035939
1,0.8840301585792923
1,0.5276192967073331
-1,0.016531069254557898
-1,0.06623795475492451
-1,0.4617719585655826
-1,0.07956442991980452
-1,6.319097347450356E-6
-1,0.006261777302080424
-1,0.002701195999882529
-1,0.010122942839989924
-1,0.760517823756708
-1,0.03287911500675398
-1,0.024853890250236026
-1,5.089808146098986E-9
-1,4.339980399475396E-6
-1,0.03305083357645741
-1,1.5659612531594243E-5
-1,0.06079639970720411
-1,0.12605318800865983
-1,0.12418844079392419
-1,0.030378389104716363
-1,6.708164592793192E-10
-1,3.92623503135307E-6
-1,6.050820747570227E-7
-1,8.857877496928022E-6
-1,0.008602100542243255
-1,0.0072679222337864256
-1,0.0035074812939771146
-1,1.4005784277400634E-5
-1,0.006622197990754867
-1,1.4967687760164484E-5
-1,1.3449855541241854E-5
-1,0.01278595895152243
-1,0.012745824293382209
-1,0.03565566394649327
-1,7.01343370742996E-6
-1,0.013448543455834294
-1,1.006598903421139E-5
-1,1.2768979939382242E-5
-1,2.957291117810906E-6
-1,0.020292056058437938
-1,1.0322840344514332E-7
-1,4.939985083503699E-9
-1,0.0059810975666400035
-1,1.204702155155309E-6
-1,1.3769119473282064E-7
-1,0.03808140262925313
-1,3.182981291773953E-6
-1,0.02951465355537656
-1,3.062908206338642E-9
-1,0.13522526276966437
-1,8.53490340247729E-9
-1,0.2410469556938561
-1,0.0031772557511208195
-1,9.92581366012422E-7
-1,0.3785323910208365
-1,0.01980581466350409
-1,1.2687889846190613E-6
-1,0.029023816623179915
-1,6.284692629111451E-7
-1,0.18057195113059413
-1,9.219019670918275E-6
-1,0.011738271870305407
-1,0.05480932017405632
-1,0.39281316233145774
-1,0.05090431911878984
-1,1.2857157681807651E-8
-1,0.008548574606971917
-1,1.1565840346640037E-7
-1,3.162864666621213E-11
-1,1.885466365024481E-7
-1,0.010636802352224731
-1,0.003777957534848285
-1,1.0030214411704653E-5
-1,1.241442124117121E-8
-1,4.094163653331223E-6
-1,0.018092088100358953
-1,0.016556460386072065
-1,0.007248152581888176
-1,0.15423640703196637
-1,4.9478841862601586E-8
-1,2.010764375372568E-6
-1,1.509690857737653E-8
-1,0.0030922759449810836
-1,0.003627427684636559
-1,0.016543859388626358
-1,0.0031623752281056587
-1,0.21593249569194728
-1,0.09010098021112095
-1,0.07054321290110147
-1,0.3481741486865431
-1,0.12196100313795602
-1,2.042131267167643E-7
-1,1.3902236871353005E-10
-1,0.006773941855492474
-1,0.010127008805839107
-1,0.010875486582607381
-1,2.5867325107475385E-6
-1,0.08774061543725031
-1,0.004652965504864125
-1,0.006462097407652379
-1,0.09586853946359153
-1,1.6957028240663714E-6
-1,0.0607014596230547
-1,3.3526448446780686E-8
-1,0.023507370353394782
-1,1.694823622777241E-5
-1,2.3603243108812653E-7
-1,0.006771444594440848
-1,0.014213285636834118
-1,5.817975793892817E-6
-1,0.3795249917423744
-1,0.008802681332618256
-1,1.4040786749782922E-5
-1,0.2873421581603209
-1,2.3483313117716498E-6
-1,0.008230470968727205
-1,0.0043580518302295
-1,0.009925750274398161
-1,2.7472947618752695E-6
-1,0.11203675391081358
-1,0.00358740794353373
-1,0.021310891571575147
-1,2.693231478532493E-7
-1,0.18628240765589438
-1,3.5206105748515E-7
-1,0.09092566825131386
-1,0.4799684484005238
-1,3.7249001579565435E-6
-1,0.004679743385424328
-1,0.05840543520590694
-1,0.008798356189364085
-1,0.626602782604647
-1,0.014694436959702965
-1,8.943593304808118E-9
-1,7.713592028062553E-13
-1,0.3498779498563613
-1,0.722291593087716
-1,4.29077735969558E-6
-1,0.006875875777403539
-1,0.02293659726100005
-1,0.013110722360794094
-1,4.330783361878919E-8
-1,0.28319746125298667
-1,0.003998353512549844
-1,0.0060570576661280046
-1,0.493543030657983
-1,4.177293955702243E-7
-1,0.01512616706426577
-1,0.30876658327066453
-1,0.01688117183459873
-1,2.601076670703789E-6
-1,0.7214846779644531
-1,1.3115436970406618E-5
-1,0.020747518900018122
-1,1.6565935779411484E-5
-1,0.005939489917252544
-1,7.60740305882541E-7
-1,2.521534967316959E-6
-1,0.004101198168541129
-1,0.003198905930964932
-1,0.023295837251883413
-1,4.965610988958204E-8
-1,0.009499371167946732
-1,1.30588849058772E-5
-1,9.07331151804799E-9
-1,0.10234913862738991
-1,8.777546261115088E-6
-1,0.10587195815549312
-1,0.29516082366079816
-1,8.368275159563344E-6
-1,0.016615213095962266
-1,0.007810623990948535
-1,0.03422189085883425
-1,1.8617801883883955E-5
-1,2.0941205692973347E-7
-1,1.4415909654744134E-5
-1,4.403513845868167E-8
-1,1.585852901317587E-5
-1,0.9202027683416482
-1,0.003373518740901105
-1,3.50856553078446E-8
-1,0.18356118342509908
-1,8.823452257501026E-8
-1,0.01004610170788616
-1,2.39417602730039E-7
-1,0.3532369824633321
-1,0.0025766787337715494
-1,0.006745586627090106
-1,0.01355891085741258
-1,0.2148429932411481
-1,0.01798625919862488
-1,0.11297009002785699
-1,5.354734424122846E-6
-1,1.589877936202761E-7
-1,0.004615794839593939
-1,3.780834435420646E-7
-1,3.3738156890183106E-6
-1,0.0124384954948666
-1,1.83143509023327E-5
-1,1.5550123824397163E-9
-1,5.565617177967145E-9
-1,0.01214777931152943
-1,0.002899816542586253
-1,8.700795064245471E-10
-1,0.004709689913918516
-1,7.686697653897523E-6
-1,6.972545676813017E-6
-1,6.061948749644745E-6
-1,2.1775088533236396E-8
-1,0.008418664880333592
-1,0.2650827473970974
-1,2.675131492556824E-7
-1,0.06745692773725881
-1,2.3276787927441027E-6
-1,0.00358352280770746
-1,2.2137826473615032E-6
-1,0.14253479994428792
-1,0.013328695432551104
-1,1.997122838018648E-6
-1,0.011187548173313456
-1,0.004494242636229393
-1,1.0301973194817917E-7
-1,0.005033956105126979
-1,0.019150191970410863
-1,9.672593925943339E-11
-1,0.1068072013533855
-1,0.49427528198123627
-1,0.011569531142603279
-1,3.598999308561762E-8
-1,0.17882207391091193
-1,7.831028903815971E-7
-1,0.007255798508943195
-1,6.510681542994886E-6
-1,0.0035229225103256315
-1,1.6268737163493997E-9
-1,1.682340371034951E-9
-1,0.035498548917598106
-1,0.006828280725732428
-1,0.011051936864954027
-1,2.2038585044415066E-7
-1,5.534185268537287E-6
-1,0.051187459405229806
-1,6.856178688662379E-7
-1,3.991328328561312E-7
-1,0.006787047882138807
-1,1.7934932081954426E-5
-1,0.008267568958547147
-1,0.005320213051447043
-1,8.622277590241375E-9
-1,0.005845700829437192
-1,4.3068078257609734E-10
-1,0.0036700550612984596
-1,0.10566126791266323
-1,0.06034438103733539
-1,0.028767187598090504
-1,0.09131172030119884
-1,0.013417559841484964
-1,1.33515801079309E-6
-1,0.5317585360188468
-1,1.4342489499963646E-8
-1,0.016613364241787186
-1,0.011076138051450725
-1,7.3800994806001555E-6
-1,0.04719860899574223
-1,1.0184069906113149E-7
-1,0.01562662448662915
-1,3.2850430917653465E-9
-1,0.0029150813534580037
-1,0.006469048457250218
-1,1.5816332513618328E-6
-1,0.007793080073871387
-1,0.3296010800953433
-1,0.013750514239604826
-1,0.041718987873953006
-1,0.004957216199712932
-1,0.2827374142460402
-1,6.907166565953285E-7
-1,0.01821985269590301
-1,0.02689189561744205
-1,1.6131485243564604E-5
-1,7.988947175933281E-7
-1,3.563003860584873E-6
-1,0.22936434923896792
-1,8.294107052428602E-6
1,0.5931116681713908
1,0.9571070422345243
1,0.6537862848528169
1,0.19067327281791047
1,0.15447310604262965
1,0.7236051361623439
1,0.9469414670631635
1,0.3730586141767366
1,0.6506678681831135
1,0.710067324525947
1,0.02823874508525527
1,0.8483834442172096
1,0.6861264167450741
1,0.5753924593587411
1,0.6052332401791728
1,0.39231676822334205
1,0.24746624697143865
1,0.07852942572535998
1,0.5
1,0.20164732450053008
1,0.7735105791620954
1,0.10532520929310776
1,0.3748073106773621
1,0.9062241601652887
1,0.7878446775709028
1,0.1928935783651665
1,0.39227528179881405
1,0.591152991259613
1,0.7384967660970971
1,0.7722986117653451
1,0.9299215205726986
1,0.7325824471837825
1,0.7727615849634272
1,0.5935770475566295
1,0.6945955518376704
1,0.1192975602087471
1,0.6344167301592059
1,0.8456666977404759
1,0.8114602211934956
1,0.7398264637411818
1,0.9662543300200431
1,0.47705613755179116
1,0.41166368535782155
-1,0.005828135231019298
-1,0.006248528270849041
-1,6.422822973473076E-6
-1,2.118202135909928E-6
-1,0.011187491311159955
-1,0.00560121268934638
-1,5.510530737993057E-7
-1,0.18491096341636884
-1,1.8250770957123576E-6
-1,0.01565695733817973
-1,0.007794914515147057
-1,9.539924140190233E-6
-1,3.327568491341365E-6
-1,6.822578505793988E-6
-1,0.0399295759454112
-1,4.5119963027025115E-7
-1,0.4252490067992935
-1,0.014868484765968075
-1,0.003224953637230861
-1,0.00545146131348046
-1,0.4768694537426898
-1,0.0240364918430081
-1,0.01780941485401379
-1,0.07197719038994957
-1,0.003168518973475734
-1,0.0037168095766594916
-1,0.007453134994290735
-1,0.7578231877842608
-1,0.14361105302737653
-1,0.0380567696676909
-1,4.5621656436587975E-9
-1,1.3688564033879094E-6
-1,0.048422249485593684
-1,0.35270039387541013
-1,1.3856201440852707E-12
-1,1.559608373662502E-8
-1,1.4956175714991564E-7
-1,0.22124526468364517
-1,0.07854495830138077
-1,4.49998227318856E-7
-1,0.011835949776278198
-1,0.0030531494778715173
-1,0.037651381928792305
-1,0.01970509873190667
-1,0.023322880618449487
-1,9.617832102603946E-6
-1,8.19880867382083E-7
-1,0.643158410202765
-1,4.456805205607667E-6
-1,0.03423413072591819
-1,5.538109756222175E-6
-1,0.051729594497566395
-1,1.0641884887042831E-7
-1,0.8762483635428541
-1,4.35699182002731E-8
-1,6.0885280188720975E-6
-1,0.006276561808563926
-1,0.9132066953408771
-1,7.384350516519066E-6
-1,0.07007023798047247
-1,0.02086322443327897
-1,0.4782246582189328
-1,6.202937947330122E-7
-1,1.6214979629631637E-5
-1,0.4309349440398699
-1,8.742612340914103E-9
-1,0.019432802322505306
-1,5.037777055471681E-7
-1,3.5613155608646604E-8
-1,0.3831827459026969
-1,2.3970198917016106E-7
-1,0.14584951298496193
-1,0.02842878733366464
-1,0.14916037805772386
-1,1.2089833117674749E-6
-1,5.6699118153071475E-11
-1,0.00412133452287164
-1,0.01206745366357822
-1,1.7611220174146524E-6
-1,2.197424240481377E-6
-1,0.0055712659561383705
-1,0.012252489247471432
-1,9.854293728345713E-7
-1,0.036153036725997026
-1,0.00527856632961879
-1,0.038180906738765036
-1,2.395277268652929E-6
-1,0.04388264477463711
-1,0.01214688200519753
-1,0.031763924855808666
-1,0.6830154566035286
-1,0.20430127601989348
-1,0.0059092663134300534
-1,2.0698178581397905E-9
-1,2.6242562407492914E-6
-1,1.5871613854062834E-6
-1,0.35415431827992505
-1,0.10892601077662689
-1,9.03854649952687E-6
-1,0.11080114873211173
-1,0.06989146591348541
-1,3.5213718865102786E-6
-1,2.722192129343139E-8
-1,0.029648101685993022
-1,0.01370463766589517
-1,3.502799692818363E-7
-1,0.6474985417042421
-1,0.0031453213102119915
-1,2.3694419903566383E-6
-1,0.05212255959360986
-1,0.0036011867433101852
-1,2.3242349039959867E-7
-1,1.6004086069379174E-5
-1,9.093472944732334E-7
-1,0.06065748756955403
-1,0.016769114749895207
-1,0.6201635126500423
-1,2.935692132475179E-6
-1,1.5892539510288393E-5
-1,0.01648615724488695
-1,0.0346750592913008
-1,1.548444660865001E-5
-1,0.050335244913663
-1,0.0038286797550856296
-1,1.463277154575433E-6
-1,5.467021133350775E-6
-1,0.0068405467388974895
-1,0.11996262931536433
-1,7.451890211324271E-6
-1,0.0033903795124154835
-1,0.051229496350301024
-1,0.012255493956976298
-1,0.048175938959604064
-1,0.012227791488792482
-1,0.014491655526003235
-1,0.03025777019384679
-1,0.0034815064773784637
-1,0.003829479290227295
-1,2.5170154011081E-10
-1,9.392616286439833E-6
-1,0.011101818962687677
-1,0.04620643151524474
-1,0.005704325853708525
-1,2.746874465356395E-7
-1,0.2720510280488411
-1,1.5761008195372024E-8
-1,6.475495867382434E-6
-1,3.9927581059448156E-7
-1,0.04951149274228515
-1,4.947712474774652E-10
-1,0.5211621288759813
-1,0.031850995395513844
-1,0.022315180228988967
-1,0.06416352019140606
-1,1.233171937931445E-7
-1,0.006123326432661066
-1,9.946203122023021E-8
-1,0.007311370408536575
-1,0.14866318763611105
-1,0.031285846230735305
-1,0.012067349836008568
-1,0.014299651435291407
-1,0.17622713535948695
-1,0.018203656201469864
-1,0.0037321786710871104
-1,0.017569260619990177
-1,2.5796039491226647E-8
-1,0.011733661381003478
-1,1.899004059275266E-5
-1,2.6076883366497247E-6
-1,0.004264739157736867
-1,0.008765488684196736
-1,0.003543736909016209
-1,0.003493249051032028
-1,2.4891703957287166E-7
-1,0.0106272733674826
-1,4.269065731662757E-6
-1,0.01030133429972133
-1,0.006139870360235221
-1,0.25313012837017057
-1,0.0486049594053665
-1,0.0104354030510946
-1,8.34095261662434E-9
-1,0.024665358924168136
-1,1.0412640583646686E-5
-1,4.487279530009239E-8
-1,1.2480110600981585E-6
-1,0.14335760958238647
-1,0.01013206770404519
-1,9.172924645734282E-6
-1,0.04824942995882108
-1,0.03460436302843621
-1,0.09532556322400501
-1,2.0317094901559652E-10
-1,1.529736136608697E-10
-1,0.004962548965529819
-1,0.0032410699079170723
-1,0.1603880646300733
-1,0.060532738298787546
-1,2.4520715935952018E-8
-1,0.14872084047700612
-1,0.10565243260923582
-1,3.9474789032942255E-6
-1,0.006781572614416859
-1,1.97696254319934E-6
-1,0.03346235514158005
-1,0.006399571353547133
-1,0.2793222929298337
-1,1.2034690099088123E-5
-1,0.018358810167076595
-1,2.9211961903962076E-8
-1,4.794697126409629E-6
-1,0.05784034518560566
-1,3.6883541786948064E-6
-1,0.015018573807737528
-1,1.7492018535602966E-6
-1,0.005909846879238577
-1,0.040212911208109645
-1,0.017668670872935804
-1,0.0025440852962371214
-1,0.24840786594390257
-1,0.058815798660235376
-1,0.1854603395583141
-1,6.139597334428915E-10
-1,0.003869313762109805
-1,0.028059722073834385
-1,1.0863552080934256E-5
-1,0.06649276503661926
-1,0.026551108262406604
-1,0.018273635912109173
-1,0.014674279461874575
-1,0.0043320884453908574
-1,2.4540520585125964E-7
-1,0.005261843307059824
-1,3.1433681311928323E-7
-1,0.004313375841206066
-1,1.8915651520377636E-9
-1,0.002785767525639156
-1,0.010337948636694192
-1,0.13473033839837908
-1,2.733929010365845E-7
-1,0.03162288774940302
-1,0.006602267648869289
-1,2.836723550541049E-8
-1,0.005634963222248341
-1,0.01074692802471446
-1,5.784293469418636E-8
-1,0.004614855753364598
-1,0.002651777653299125
-1,0.1881271756478652
-1,0.1642814805212403
-1,0.36732306129993253
-1,0.01399755095469868
-1,0.0045203155710253915
-1,0.029247674330010884
-1,0.3061210147851066
-1,0.01696435925751658
-1,0.06550310655931946
-1,0.02205548366518532
-1,8.57628310327321E-6
-1,0.0027886299595853235
-1,8.435731513307635E-6
-1,0.03460506063030753
-1,0.006591223603488196
-1,4.226749918052682E-6
-1,0.06176434359409585
-1,1.2147599989307733E-7
-1,0.1317318168725562
-1,0.21181347707323556
-1,7.970001951688159E-8
-1,0.03661124576661713
-1,2.8899395716820635E-7
-1,1.7179758626896108E-6
-1,5.3623469560363524E-8
-1,1.5366702536677589E-6
-1,4.620719535694173E-6
-1,2.316659112689194E-6
-1,0.8569170872713899
-1,0.0450996540585091
-1,0.016585609882035043
-1,2.0799039519078938E-7
-1,0.3027685377228526
-1,6.0437580395147E-7
1,0.9247902209311819
1,0.12336221144848056
1,0.693799458020067
1,0.9938608927162209
1,0.05402000127118258
1,0.6342450233278051
1,0.11104779202705348
1,0.8289447849817093
1,0.23787065497411683
1,0.46168579981226393
1,0.7576228724165298
1,0.6681523440876832
1,0.48155934514952886
1,0.23388148794191124
1,0.3858523583883939
1,0.6403930835392965
1,0.7161580656932212
1,0.9056374422519688
1,0.8725218840126915
1,0.9811898609743388
1,0.7345662484428415
1,0.9116087764672757
1,0.8900471311708325
1,0.840667218693682
1,0.45775176884469454
1,0.8898841965964803
1,0.5882579521883133
1,0.0063310803137387964
1,0.9387160259727879
1,0.6027054990321424
1,0.8701436557462138
1,0.9803895078590663
1,0.5976264741493572
1,0.3904706443911751
1,0.9348210528794124
1,0.4135744681165343
1,0.14155368217201006
1,0.7289692505571282
1,0.855637832776784
1,0.6454763681621107
1,0.19427900619574512
1,0.9205755974764139
1,9.058769108003054E-6
-1,3.2632000025287524E-8
-1,1.526654128286743E-5
-1,0.20605924104429832
-1,8.284179186425747E-6
-1,4.5348929785669095E-8
-1,0.09127729829637642
-1,0.0055861893425010935
-1,0.0077864354097840075
-1,0.07406411298687215
-1,0.13263037721848728
-1,6.586446880857359E-7
-1,0.018102162529101358
-1,1.4261352831628543E-6
-1,0.0026238508329122535
-1,3.827177261200476E-6
-1,0.22684170411607021
-1,0.12772720988948763
-1,0.018337781947002883
-1,1.4726531884015985E-5
-1,0.5
-1,0.003574286529099303
-1,2.4609037915127776E-8
-1,3.0988036773844176E-8
-1,0.1327622619981171
-1,1.0423386266445929E-11
-1,0.025150468893289164
-1,0.01553696539932901
-1,0.027189014369956997
-1,0.0028367810949433488
-1,0.03376560644099726
-1,0.008378222521604013
-1,2.3196175803289695E-7
-1,1.639196759332826E-5
-1,9.240746210226812E-7
-1,0.003109636007429536
-1,6.044265695661168E-7
-1,0.05714827284473237
-1,0.07785737101807953
-1,0.10123658128887575
-1,1.979114742755338E-7
-1,0.08823656502754891
-1,5.616289407585478E-6
-1,1.6611469671262289E-7
-1,0.0028618475546533084
-1,0.14786146392003444
-1,1.4737205801095452E-7
-1,9.449409554311912E-7
-1,2.421614334428177E-7
-1,0.002936955479287713
-1,0.007701369233260878
-1,2.314635776011537E-6
-1,0.01326346849600345
-1,8.058846648630616E-10
-1,0.45208114448707715
-1,0.05869918730177862
-1,0.018933773754834217
-1,0.8481789647067774
-1,0.008947743480231899
-1,0.005606579861180439
-1,0.010971634678887055
-1,0.15200103048775127
-1,6.142421138384758E-8
-1,0.02615474648531187
-1,1.634538229582096E-5
-1,0.0185376533738335
-1,0.043258866922756024
-1,0.31834435575697895
-1,0.07607062696367171
-1,3.0283587123604223E-7
-1,2.152054044908705E-6
-1,0.010291687950375586
-1,0.06855798057453953
-1,0.009326180439333845
-1,0.00828750767101699
-1,0.3957081816114894
-1,0.10014895080501089
-1,0.002635389547323764
-1,1.6405451320409789E-6
-1,2.445582523117068E-6
-1,0.004503304096469377
-1,0.003490217563531061
-1,1.1980908398394069E-5
-1,9.879806961080832E-6
-1,0.0031300877983587764
-1,0.027970880397586242
-1,8.597840583863236E-6
-1,0.04477522735549541
-1,0.018955807786916506
-1,1.2481304519948933E-7
-1,0.006816388704264579
-1,1.7650499446615608E-5
-1,0.27656548061448477
-1,0.011064562242588907
-1,1.2743157849217585E-6
-1,0.00723303172909887
-1,0.0026678245547895178
-1,0.09224410526020924
-1,3.1887196347383986E-9
-1,9.40782156451976E-6
-1,1.6088632490673958E-9
-1,0.007397977095238098
-1,0.6340177572387095
-1,0.01538471352755624
-1,6.774489472355664E-9
-1,2.1288713873145657E-9
-1,0.005024484129257576
-1,0.10999528718297924
-1,0.020259039385683044
-1,8.535114973448968E-7
-1,0.046132243814968
-1,8.461905984960624E-6
-1,0.19168405151734738
-1,5.6367324168202895E-9
-1,0.007895426736574552
-1,0.0034174333909371504
-1,0.02543962797999393
-1,1.91394127096168E-7
-1,0.015958873564235112
-1,0.06679872883330208
-1,0.016005837675539352
-1,0.03423790511440513
-1,2.7062363172394423E-8
-1,0.21693121769454293
-1,0.04125477999803974
-1,0.06486657131041153
-1,0.04254266641175148
-1,0.011355157995632624
-1,7.558157740469516E-6
-1,0.0943298932129433
-1,0.6924708698325085
-1,0.11269716124476524
-1,0.007123804678718541
-1,0.06069055084808534
-1,0.0044797233340882385
-1,1.8979776692706896E-6
-1,0.804778622382513
-1,0.004049707703697416
-1,0.378837837213176
-1,0.05624111856265112
-1,0.024011888813558657
-1,0.004826183367167189
-1,2.4571243066353374E-6
-1,0.04072118577061712
-1,0.010067607054947393
-1,0.29616191954473015
-1,1.9435150890814516E-6
-1,0.08849436651989499
-1,5.3590599110625985E-8
-1,0.010546991150301614
-1,0.011540411360058489
-1,0.0040612112753096
-1,0.00265551613447666
-1,1.3338292436849103E-6
-1,4.575209799485304E-6
-1,0.010313270437236666
-1,0.004519501954538729
-1,7.163822546236936E-7
-1,0.23936502518239278
-1,0.018409775386753438
-1,0.017325515925459233
-1,5.600861593192968E-6
-1,0.0028707702865633468
-1,0.1518385518314365
-1,0.019260358163077976
-1,1.0950932587505623E-6
-1,0.7147726201847036
-1,7.571200813306069E-9
-1,0.06242481525550024
-1,0.0028661427696317974
-1,0.1680809646974943
-1,0.0482134267038434
-1,1.1517265096279208E-7
-1,0.005783476116014322
-1,6.416372554993265E-9
-1,0.01816022196631632
-1,0.02961251447395386
-1,1.021535440306286E-8
-1,1.6768409710981104E-5
-1,0.0715244498934208
-1,0.14027829076264214
-1,0.012140439041709883
-1,0.026858462180812104
-1,2.8032892857835863E-6
-1,9.708156071264598E-6
-1,0.0031944786243700085
-1,0.0439276045160739
-1,0.002608833156155887
-1,0.007619757946398554
-1,3.345293420149116E-6
-1,1.162230788385277E-6
-1,0.038398593164073604
-1,0.04143668125358526
-1,0.25995001704407716
-1,0.05105468050255523
-1,7.121128088448104E-7
-1,0.00593339765376547
-1,0.00790414710249917
-1,0.017943377482698104
-1,0.020426601748756993
-1,0.06022703028862508
-1,0.01352420823032897
-1,0.004710894423055061
-1,1.5838612194523228E-6
-1,1.5582274297697912E-5
-1,0.005095655485492739
-1,0.3473742034821196
-1,0.16253034246017667
-1,0.03929494313683642
-1,0.03407800291388572
-1,0.003012797586622759
-1,5.149619709124584E-9
-1,0.07619224983655136
-1,1.4337232672795852E-5
-1,0.26867571594539785
-1,0.03589095924266047
-1,0.04207547385524389
-1,0.1970614652988848
-1,1.9820342845005042E-6
-1,5.9517247454957806E-8
-1,0.005312354818379681
-1,2.763946302830935E-7
-1,0.018725183165732316
-1,0.004175862800366683
-1,0.016272832838020054
-1,0.023108888041563566
-1,0.19766754075637155
-1,0.18606883286547393
-1,2.3886130293326493E-6
-1,9.4726705690779E-6
-1,0.037109556284250333
-1,0.008932737693166581
-1,0.12389372995284455
-1,0.00788761242728063
-1,0.0637681299083232
-1,0.012503373335153741
-1,0.10743624604126209
-1,0.0161166584072956
-1,0.002579732405331114
-1,0.175736897962226
-1,1.3590574767636157E-9
-1,0.00549250381992214
-1,0.023881225088412852
-1,1.2236573897637748E-9
-1,9.834388415374561E-8
-1,0.027439150649111368
-1,0.07700390451179903
-1,0.008705374883465374
-1,0.04543535510415689
-1,0.04335987145485059
-1,0.0170253153710979
-1,5.237296545560335E-6
-1,0.09908051492061765
-1,5.087750738094562E-11
-1,0.004157301812617217
-1,0.04303145151626643
-1,2.9047455720123286E-6
-1,3.4293061404051264E-9
-1,1.2186095669346812E-5
-1,1.9208683339504628E-6
-1,0.09674008035772798
-1,0.011201756510209156
-1,0.04836031164460675
-1,1.232146912158052E-5
-1,0.012459991881357014
-1,0.0025494613213067926
-1,0.1687227159442309
-1,0.03430532551773679
-1,0.1264127919604941
-1,0.008940542567129058
-1,0.06484363110725783
-1,3.809879358815219E-6
-1,0.003532011880236584
-1,1.7256723310294223E-7
-1,0.01160034842245809
-1,0.18520570315831103
-1,0.08324798151225275
-1,0.008008700450494656
-1,0.033322122269078054
-1,0.004924077424944179
-1,8.036698933781387E-7
-1,0.009637008018435424
-1,0.020960948960333247
-1,0.013735216099082839
1,0.9166266650529288
1,0.8331293406091014
1,0.6365696338760418
1,0.7102653978386432
1,0.685019031135041
1,0.7680516024736763
1,0.13017645684216947
1,0.6500971660476237
1,0.6218475054120011
1,0.8332063498297574
1,0.5772479319786824
1,0.1730066678983918
1,0.5649056342123089
1,0.631161415626296
1,0.13760487335884652
1,0.736418867889362
1,0.48086362812219813
1,0.8930637357189368
1,0.8448382154108991
1,0.9174018770847354
1,0.60231481190579
1,0.7300557721632384
1,0.9488524341542393
1,0.12908717595825941
1,0.23089620398721247
1,0.6003572126644554
1,0.7317799424452982
1,0.678684342825025
1,0.6527899721209639
1,0.7129733476665401
1,0.7329936420270101
1,0.21560722984080058
1,0.5422437808361089
1,0.6857884709892396
1,0.7974100256621047
1,0.8242399197424736
1,0.9323508739198987
1,0.4644663666814863
1,0.31928745769030603
1,0.7992376488817028
1,0.19448593671204364
1,0.9323455297000639
1,0.5251699285255147
-1,0.007547089604278132
-1,6.689400888624903E-6
-1,0.08425724138997798
-1,0.017103145650758454
-1,0.4871632785257112
-1,0.02608943073591255
-1,0.0045087516479191585
-1,2.2417526557531718E-7
-1,0.30100102828562975
-1,0.027260207571103864
-1,0.04271732889595184
-1,0.012090586508992397
-1,0.024928607029424153
-1,0.01138944587803584
-1,0.6354843918958873
-1,4.6985464899088445E-8
-1,8.773502994716601E-6
-1,0.07446480924777027
-1,2.938313003451552E-7
-1,0.019946679038905384
-1,2.5084208354072776E-7
-1,2.9590181161726944E-6
-1,0.05535398183866129
-1,0.042480586491097067
-1,0.0384244609603532
-1,6.364439014939364E-6
-1,3.12546653954063E-6
-1,0.00473373042487942
-1,1.89652929211794E-5
-1,0.206057210986637
-1,0.06380398769840606
-1,1.5610245891332057E-8
-1,6.446593151151003E-6
-1,1.0104040714659864E-5
-1,0.03443760127007421
-1,5.1846395822735545E-6
-1,1.112526946416709E-6
-1,1.8296302553658903E-6
-1,0.3150486231603393
-1,0.014727611893853887
-1,0.05402344669417648
-1,0.008283882930639815
-1,0.04778534241318777
-1,0.005284814036502262
-1,0.009971114776123823
-1,0.003124300397219978
-1,0.03940495934637775
-1,7.019878171415345E-8
-1,0.07501317670450063
-1,1.2834629330229405E-5
-1,0.09524867285754827
-1,1.0670587143932802E-6
-1,0.491556451771738
-1,3.418904223416937E-6
-1,0.0026028299021614433
-1,2.718224510968559E-6
-1,0.025318643343371576
-1,0.00926185493066393
-1,0.0035086824830605867
-1,0.00852356179100736
-1,2.3044843554469207E-6
-1,6.408665351400779E-7
-1,1.4598133224636572E-6
-1,0.017259264532170415
-1,0.26520442682262413
-1,0.3311147394799971
-1,0.002851437879813692
-1,0.0036421314402326796
-1,0.008443363582924072
-1,2.9564835785639684E-6
-1,5.831760756137851E-6
-1,0.16006021563240364
-1,3.0026676347322475E-6
-1,4.863747883096117E-6
-1,8.869148808716451E-7
-1,0.03547508271448708
-1,1.3918507705345842E-7
-1,0.04302136983541975
-1,1.5694972305651227E-6
-1,0.010452701938273867
-1,0.01923557639321046
-1,5.599352073305639E-6
-1,8.702479687732153E-11
-1,0.006399695837519476
-1,0.010047152767758711
-1,0.7158317875840365
-1,0.09875100845549149
-1,1.678099293275526E-8
-1,0.44784179903007476
-1,0.01569079781863621
-1,0.5113786896110002
-1,0.012719672980877204
-1,8.461896765137609E-7
-1,0.32554063537651473
-1,0.003947162109768166
-1,0.02905248200915883
-1,1.318893565836701E-6
-1,9.34992374816398E-10
-1,0.01102237743886782
-1,0.003094361246171839
-1,2.4910032603337546E-6
-1,0.24606129132971186
-1,0.002571390414336018
-1,0.7059764137541152
-1,0.00832758228496257
-1,1.560597333522336E-7
-1,6.270322991196537E-7
-1,8.900595173075318E-6
-1,5.507529262377145E-8
-1,2.7843209397271964E-6
-1,0.023498868860488038
-1,0.16281105412510374
-1,0.09454296319905271
-1,0.21854787543872184
-1,0.01104179189010062
-1,0.02170965064852347
-1,0.1415183262313237
-1,0.009019753991783737
-1,0.1611402761327691
-1,2.374731579616597E-9
-1,4.0523865802024467E-7
-1,0.04959916143276365
-1,3.500593756736202E-7
-1,7.5164818471085226E-6
-1,0.022356249270245633
-1,9.601609678224613E-8
-1,0.3113142132081192
-1,0.0034755783450225856
-1,1.2329451880027136E-6
-1,1.1808876682541396E-5
-1,0.007300006241687218
-1,0.00323126571770913
-1,0.006239303387197153
-1,6.569963187240148E-7
-1,7.136823294032605E-6
-1,1.5405956011878374E-5
-1,0.002718054855435505
-1,0.19939152325015813
-1,0.019339826121431807
-1,0.3757345286842956
-1,0.011891297703966188
-1,0.00494383429186363
-1,1.0814079505665815E-5
-1,0.4346723823570732
-1,0.008644927745896964
-1,0.010278524949268486
-1,1.663842673625983E-5
-1,0.13537499821348467
-1,0.005802323575400516
-1,0.053943828777465785
-1,1.4353997416648675E-5
-1,0.084692802388183
-1,0.2674905935669935
-1,0.008902254825481952
-1,0.36529919890720736
-1,2.964333942623371E-8
-1,3.9941293401643456E-7
-1,0.037054187165823815
-1,0.015253095600651334
-1,0.0025512785988534383
-1,0.022643821512934273
-1,2.3477680749556147E-7
-1,0.050968896966804365
-1,1.9028847408240687E-7
-1,0.8690331503565546
-1,7.44939267061325E-8
-1,0.018724885591199066
-1,0.015484147205984658
-1,0.00674086349039783
-1,3.5231715307311943E-8
-1,2.5519820876057626E-6
-1,0.08468306715803793
-1,5.745278511228629E-7
-1,0.18888692033654159
-1,0.06296480110295663
-1,0.3232220492467244
-1,1.6334336065697297E-5
-1,0.04437583979247843
-1,2.141081377715564E-6
-1,0.02543316975747759
-1,8.899429213712717E-8
-1,0.036464322216814574
-1,1.0231418661608481E-5
-1,1.5763919529533223E-6
-1,0.012117617101541099
-1,3.337174381117295E-9
-1,0.008445779590038411
-1,0.007775230117904331
-1,2.9528753065980343E-8
-1,0.10792867246372186
-1,1.4658499618755402E-5
-1,1.9750059942020956E-8
-1,2.5997928593763208E-6
-1,0.02006878484860533
-1,0.5087870002286782
-1,0.04717172117695795
-1,0.003363052792043993
-1,0.025020981046972122
-1,2.6742711458401197E-6
-1,0.009229748805075561
-1,0.05758867858375072
-1,0.02007947785607
-1,0.04111893073555697
-1,0.013810730391634357
-1,0.024402857830915697
-1,2.159028038234396E-6
-1,0.05843330129253628
-1,0.008623748846219184
-1,0.005583956215970877
-1,0.28108179690652235
-1,0.017467314477632525
-1,0.7354990511019756
-1,0.0558567034138189
-1,1.8389381526072602E-5
-1,4.707534699843327E-6
-1,0.2531366905253426
-1,0.12065286894664011
-1,0.01478130313737283
-1,0.13414935076667783
-1,7.64735595613936E-8
-1,0.002612072245290757
-1,0.051238566750786085
-1,0.8791821921921873
-1,0.016996505926515196
-1,0.13341693188736642
-1,0.03898596302410041
-1,1.6264773736165548E-6
-1,0.2050169573790356
-1,0.03131403056486941
-1,0.003460702150814153
-1,4.003497001821225E-7
-1,0.1854462778774447
-1,0.047955962058160606
-1,7.574051713594E-6
-1,0.007677630281487385
-1,0.003972815257066153
-1,1.2389945959170707E-5
-1,7.442389076018235E-8
-1,0.052224216865247704
-1,0.20071332219686483
-1,0.024994893654928393
-1,0.2663812909483658
-1,0.01523813767567934
-1,0.026811012963535587
-1,1.1698815775660767E-8
-1,7.960529584095083E-7
-1,1.28221777474689E-5
-1,0.005364034288173767
-1,0.024218725441890354
-1,0.010697529415733686
-1,1.8148384819842007E-5
-1,0.01236724801496153
-1,1.2800253980065129E-9
-1,0.0032005405747820813
-1,0.06371363567211782
-1,0.018854783232810833
-1,0.0169340380866548
-1,0.012843865278548746
-1,1.656449062713565E-6
-1,1.2153360327011525E-9
-1,0.29023924568404014
-1,3.6297574300364698E-6
-1,1.1383617222353371E-5
-1,0.04144049442679422
-1,0.034552111424262774
-1,1.7641406717266E-7
-1,0.2300011370817796
-1,0.03738647610473342
-1,0.2844112681378918
-1,0.008132623955596652
-1,1.3606116676133446E-6
-1,0.03152159493150797
-1,0.004775435400182847
-1,5.832933070325659E-7
-1,1.14191239634409E-7
-1,0.028786863682184343
-1,0.08066684864525622
-1,3.726826410707772E-8
-1,0.008190302304630743
-1,2.8812576416484755E-6
-1,0.01244115154172334
-1,6.920149421490678E-6
-1,0.004140128321694772
1,0.9042521153903068
1,0.7002590263729757
1,0.5531736462421459
1,0.9202426208862249
1,0.5055699950566293
1,0.789509341412991
1,0.9264999294081604
1,0.9330359573131088
1,0.6463476330683555
1,0.8867820340816859
1,0.6899430300189219
1,0.9397142927611452
1,0.19677853606395115
1,0.3912051624640869
1,0.815232353747815
1,0.9256804687592577
1,0.917849513439998
1,0.6877665883960913
1,0.4489585158485277
1,0.919215498140752
1,0.947636878685178
1,0.8466057632901416
1,0.758978826810552
1,0.8365235354839213
1,0.6238783787487255
1,0.7919175706030755
1,0.3440765984752868
1,0.8246241020177332
1,0.2726195497593643
1,0.30915829668216055
1,0.9930551104050193
1,0.9222155719387978
1,0.6620538041419458
1,0.6290161164132706
1,0.2667732074842993
1,0.9897528173147129
1,0.42527241039749186
1,0.6879330607616159
1,0.7241240541136235
1,0.3616198843073537
1,0.5518437415996335
1,0.6692878912581763
1,0.42732094447511876
-1,0.004341453650545785
-1,1.2785826559707872E-5
-1,0.005142324501385198
-1,0.003154672715971454
-1,0.01983564611218722
-1,0.0178196215646897
-1,0.058990033050112516
-1,0.00590916380056694
-1,0.04727302164977348
-1,0.15152090098392446
-1,0.10949258068197504
-1,0.035797770562871666
-1,5.157087400766549E-6
-1,2.77709193824588E-6
-1,0.012164344327521066
-1,0.00643978367687672
-1,0.2153849870177781
-1,0.0066837677663784635
-1,0.02404047953865803
-1,4.6833161744903255E-6
-1,0.033007021081901684
-1,0.008589603188610193
-1,0.19986331117294834
-1,0.010766892848711426
-1,6.211381941706526E-6
-1,0.33453618273553337
-1,0.005279941832755893
-1,0.011070161796013988
-1,0.00499134298918789
-1,0.01115445143031313
-1,0.0038843582396818426
-1,6.762979196921992E-6
-1,0.002743387823742971
-1,0.7257322503760333
-1,0.0046598587585062615
-1,0.08571234376661854
-1,0.08942976954630548
-1,0.009750980715385452
-1,4.436574450053852E-8
-1,0.03913711937567831
-1,0.029418551145857622
-1,0.006014502044848858
-1,2.770597514784431E-6
-1,0.004969374245069802
-1,1.224194512285036E-7
-1,0.01927780695808211
-1,0.12915633564481382
-1,0.06915493042802853
-1,0.06729913885100139
-1,0.002722415454589019
-1,1.640473548421384E-5
-1,3.9751056187059225E-6
-1,0.1477474792161761
-1,0.019355447074632545
-1,0.01556133328544802
-1,2.3883879733490363E-8
-1,0.01293988473795918
-1,0.36079777874851543
-1,0.004283925514640017
-1,0.1181315968032406
-1,0.11089980958791429
-1,0.20522527979093466
-1,0.01769824384358905
-1,0.08577994477166287
-1,0.3342233065599814
-1,5.322873294045718E-6
-1,0.12466617395192084
-1,1.2261022413198828E-6
-1,0.04185284842561769
-1,0.007336723207078924
-1,0.04252019697760169
-1,0.049512616676577435
-1,1.5266192040840876E-7
-1,0.02949192520965955
-1,0.006106156782788613
-1,0.014770890285424493
-1,0.006279670625145664
-1,0.1030667408575789
-1,0.02041116999105841
-1,0.0055352153508122694
-1,0.019524584275098754
-1,0.023225177906581056
-1,9.861264032397007E-7
-1,0.005125568944390021
-1,0.3090331625832196
-1,0.034527071868240666
-1,0.012884505048626075
-1,0.005007754953121507
-1,1.6007671104054738E-7
-1,0.1253477927240966
-1,3.567233857379808E-6
-1,2.7247178496924945E-6
-1,0.005381583579402707
-1,0.103098233512568
-1,1.9343701508495922E-6
-1,0.08029259676488053
-1,0.0037880791477218423
-1,6.135384849306911E-8
-1,2.534776031740197E-6
-1,0.0614369801074525
-1,0.030428847468072943
-1,0.044900738981218415
-1,0.0077627434911300705
-1,8.424743359591934E-6
-1,0.020843058423521337
-1,0.002588358742692648
-1,0.006016063013491246
-1,0.07765042901246937
-1,6.606280537212935E-6
-1,1.7949003788930083E-6
-1,0.2831674831713811
-1,1.1368220927543503E-7
-1,0.004892715322274265
-1,0.0032043658890504013
-1,0.027776852041472393
-1,0.009802832227676929
-1,9.175154184912844E-8
-1,0.12155817259262383
-1,0.004661771418581625
-1,0.06036845580666535
-1,0.008076049595287887
-1,0.3042813424367964
-1,3.216822267221264E-8
-1,0.003119126062439929
-1,0.00409280949326937
-1,0.0028172403463604737
-1,0.09971746836028775
-1,1.737081408060511E-8
-1,0.031661138971032406
-1,4.48801943024249E-9
-1,0.04906472770450885
-1,0.009131401115846788
-1,0.1343789294690989
-1,0.0035098690679739608
-1,0.009982719795638558
-1,0.0028433229465748113
-1,0.3615046018797803
-1,3.15137065676165E-7
-1,0.003892437470841819
-1,0.0026536654077553507
-1,0.114196926211437
-1,0.02825680998481685
-1,0.008259996682348792
-1,0.05156213471248238
-1,0.0034471115828921275
-1,0.04096198954994843
-1,9.278390748865583E-7
-1,0.16621460348014333
-1,2.228561956458291E-6
-1,1.642967429950574E-7
-1,0.01719084484738558
-1,0.004140338040422523
-1,0.07272448832188569
-1,0.012784726245580295
-1,0.008311141772058304
-1,0.009673540385943548
-1,0.003352814112232617
-1,0.01167625595556211
-1,0.005291284126466336
-1,0.0912475433985038
-1,0.00423712829446311
-1,0.01476373991773176
-1,0.0038894530743064227
-1,0.004463340781858641
-1,4.024008034342122E-6
-1,0.007549688887201996
-1,0.008530658504370844
-1,0.0025373284958462453
-1,0.44076528861976705
-1,0.7372276352607302
-1,0.006346212177978658
-1,0.024656119753052347
-1,0.005406005942837161
-1,0.018741244659443504
-1,0.0026935116482183826
-1,0.006895010933519276
-1,1.284279792014725E-7
-1,0.24049104071795524
-1,0.10153317560811338
-1,0.004394853040068059
-1,1.842398063219111E-7
-1,1.4619501210089394E-7
-1,1.8616484763945826E-8
-1,0.03171925740082542
-1,0.0032596699460667312
-1,0.05999880516616422
-1,0.0025640416423262325
-1,1.5563300480166065E-8
-1,0.0027948173328174153
-1,0.008375238067091636
-1,7.251749117719609E-6
-1,0.004494246142968236
-1,0.3400011353242888
-1,0.03843655858482738
-1,0.04582201373547915
-1,0.04842645387221069
-1,0.007214513848130468
-1,0.006387476529080752
-1,0.01094571230969394
-1,0.0029088463685468403
-1,1.0541573035570623E-7
-1,0.021098042735765404
-1,0.007881323903349374
-1,0.025834324785206513
-1,0.6704959634001539
-1,0.13218250959855476
-1,0.007186417830397451
-1,0.08595634177172648
-1,0.03059961361530779
-1,0.015598108004279791
-1,2.0931500459262335E-7
-1,2.595247696164101E-7
-1,0.014592519938301478
-1,0.005333248271043513
-1,0.3148523582327802
-1,8.318484781034808E-6
-1,0.08400478400156293
-1,5.093856874919367E-7
-1,0.004306581787297567
-1,0.02141370728470326
-1,0.016479636020011932
-1,0.09651809053463105
-1,0.017251158605150477
-1,0.03940486075216025
-1,0.2647447379777323
-1,0.04386199423336043
-1,3.338349716462898E-7
-1,0.07891046899116383
-1,0.014522128492097485
-1,0.06739409923516596
-1,3.6939081697665756E-6
-1,2.819127762313207E-7
-1,0.009152384130954457
-1,0.02367705661732465
-1,1.0647176215981761E-5
-1,3.489275939039198E-8
-1,0.016532793596615625
-1,0.03357481155212681
-1,0.44411587790114343
-1,0.01058611131281424
-1,0.002883003966340407
-1,0.012598298116351159
-1,7.55244303721787E-7
-1,0.006623894363871256
-1,1.15548122234412E-6
-1,0.08245699990463898
-1,1.0195602850515625E-8
-1,2.2053815855909572E-7
-1,2.9757286328339038E-6
-1,1.6521447134071065E-8
-1,0.010570402635531008
-1,0.05380674014938309
-1,0.01677750779065843
-1,0.022533990499170098
-1,0.00945036345895762
-1,0.003493654696193203
-1,6.247438638729162E-6
-1,0.047795502759420884
-1,0.015059997570543372
-1,0.02209359664335755
-1,0.004420221220039921
-1,0.05883010344599143
-1,6.468215327424582E-10
-1,0.08179168295991475
-1,0.02139971410902252
-1,8.046046685635725E-6
-1,0.04806622657177404
-1,1.5522648381548579E-9
-1,0.055599845560641195
-1,0.010653275787099292
-1,8.293793163288672E-7
-1,0.05584523812802593
-1,1.4847232618839927E-6
-1,0.015263483758525485
-1,0.43830567338068677
-1,0.009694834874268489
-1,8.642326426314774E-7
-1,0.11954634664999558
-1,0.013436304700572051
-1,0.2425587684882675
-1,0.055955951256688764
-1,0.08233065668702381
-1,0.0076388707002425504
1,0.7340401910137363
1,0.5255603141100169
1,0.9359063285039575
1,0.5315105474154148
1,0.8962544150051786
1,0.48563406148279686
1,0.13651780527624885
1,0.7045326611652541
1,0.8554348504605578
1,0.6670282111181585
1,0.13515112177688793
1,0.2452373448851213
1,0.7402561205954488
1,0.08551938252360274
1,0.9740097987825651
1,0.48278969893298884
1,0.6412561350657388
1,0.8837461384719636
1,0.7073161572995375
1,0.8165233698062492
1,0.9346364445047326
1,0.4313067327304223
1,0.8347639702392033
1,0.8871948106881393
1,0.8518953066856529
1,0.5448845674314046
1,0.7090695339610344
1,0.2942149333052195
1,0.5296965075137484
1,0.7586925176626239
1,0.9185361384930247
1,0.8326007896795704
1,0.18578629455094317
1,0.06991032515916462
1,0.9504702589600258
1,0.5343901696352956
1,0.560330136733739
1,0.30459977600142024
1,0.8487177371495108
1,0.8998836034765679
1,0.26915569055369365
1,0.7811084835201516
1,0.5108841937883356
-1,0.0033733229569018175
-1,1.0150959269251922E-5
-1,8.373359318397125E-6
-1,0.06271537243614926
-1,0.353729488028565
-1,0.015993638796905817
-1,0.007418131984813135
-1,4.529285872495368E-8
-1,2.0331725612980804E-6
-1,0.011118003183758234
-1,0.10892325499590942
-1,0.00503481794838165
-1,0.006382132087256956
-1,0.007155133263559778
-1,1.364312287914708E-5
-1,2.7394340115111634E-6
-1,0.01142003238073082
-1,0.01416293961070358
-1,4.899701174411751E-6
-1,0.004869273685982432
-1,1.2353394167839944E-5
-1,0.09391625977148549
-1,0.13117708713184756
-1,5.864418224544934E-7
-1,6.646675919013139E-6
-1,0.16964576475477175
-1,0.006762734288311424
-1,1.7671014142293401E-7
-1,7.679130455751924E-8
-1,0.005005564601907976
-1,0.006455077870028297
-1,0.003383352408045319
-1,0.03206766414856841
-1,0.023358124438880228
-1,3.495913853343386E-11
-1,9.808505187223969E-8
-1,0.006669139445624891
-1,0.05010058113906946
-1,0.006638138238099635
-1,0.4231778151400205
-1,0.02098647217656691
-1,0.03841046154604766
-1,7.260870236281339E-7
-1,0.015432088692930439
-1,3.261998442319458E-8
-1,0.06017002757587419
-1,0.00441091595421919
-1,0.14560975842355017
-1,0.012197578963117713
-1,0.3581027549009489
-1,0.015503309401158741
-1,0.04751952344305682
-1,1.8334001306298483E-6
-1,1.5231462582736011E-6
-1,0.014764980647972601
-1,0.07938755291773301
-1,0.019995941724822757
-1,1.0459635848437207E-6
-1,0.07298904701652369
-1,0.007548312361224839
-1,5.1153280507349085E-6
-1,0.050865520545431094
-1,0.0033158904698156856
-1,0.005098952024172498
-1,0.06988158785835802
-1,0.3186890025667894
-1,3.6251607455702546E-6
-1,0.02984466819173919
-1,0.004273886627659719
-1,1.0050602272040495E-5
-1,0.902232494452395
-1,0.17229758978051155
-1,0.05302472728244115
-1,6.295594712291369E-7
-1,2.3255198900403395E-6
-1,0.004862267360014779
-1,0.005698458271799972
-1,0.03340268853335026
-1,1.2618577286126722E-6
-1,2.2999484545183277E-9
-1,0.11721616018439401
-1,2.9311390065768018E-8
-1,0.004642876681784725
-1,0.1724355406531556
-1,7.299549804515813E-6
-1,0.0036136665595274593
-1,0.006917918614818052
-1,2.481074023155165E-6
-1,1.0836980172597046E-5
-1,0.045385121336469214
-1,0.2010277251311255
-1,0.14410737981214883
-1,0.6990205981057376
-1,0.030842383552421936
-1,0.003200367042377878
-1,0.17810565432256784
-1,0.562290521121245
-1,2.985354371392023E-6
-1,0.004802076872890457
-1,0.039353280923778655
-1,0.06284305934994266
-1,0.3309987707157936
-1,0.010459825734252711
-1,0.005195651492589196
-1,0.045283784549835684
-1,0.033083815929562194
-1,0.006359331855879172
-1,0.006010082231856618
-1,0.02764595624403991
-1,8.96019000259446E-6
-1,0.06294062316034504
-1,1.9210227839042206E-9
-1,4.574247365685099E-7
-1,0.09817288863971532
-1,0.023093666191005155
-1,1.3680459132112955E-5
-1,0.008580398407446389
-1,0.013540003573696481
-1,0.0040264947543352594
-1,0.0029099460320690038
-1,0.0027901064689449108
-1,0.03281307939786743
-1,5.756507922082068E-6
-1,0.012540907054471077
-1,8.356240082075174E-6
-1,0.004410530071938426
-1,0.07668081181541914
-1,0.42272690267233204
-1,0.0027670879327769886
-1,0.005692511707159844
-1,1.4806333156309603E-5
-1,2.6199976282327386E-6
-1,3.967906973643947E-8
-1,7.153002953307371E-6
-1,0.01107916871885271
-1,0.0030924245213422843
-1,0.012635314619675602
-1,6.981617175217194E-6
-1,0.0711230826590005
-1,1.4705215157287067E-9
-1,0.26361457967541857
-1,1.7720457950024138E-6
-1,0.049238695738680324
-1,0.1642312744637165
-1,0.029969602815015782
-1,5.220138198107376E-6
-1,0.37583774359968714
-1,0.029717870466339752
-1,5.289208557479352E-6
-1,0.003502427720270426
-1,0.02219459942152278
-1,0.12002680454512792
-1,1.4853341881047845E-5
-1,0.004378779254699192
-1,6.164206395375511E-6
-1,0.04896863525496231
-1,0.0527540592909565
-1,1.8668218224882544E-6
-1,0.015433286956935497
-1,5.961401925344201E-11
-1,0.00915776451046786
-1,2.8279537095860794E-6
-1,1.5673125826161543E-5
-1,7.905655970908294E-7
-1,3.2682743366792075E-6
-1,0.08523126292281641
-1,0.021492030266782453
-1,0.5097600804464734
-1,0.003170177192135254
-1,3.2303994500969114E-7
-1,4.716622317203695E-6
-1,0.004135451489127112
-1,0.027191067570980183
-1,0.013998223280245437
-1,0.00279794826535976
-1,1.005832331981712E-6
-1,0.004720915017133976
-1,0.012300345887576421
-1,1.6048259721829173E-5
-1,0.015965607197570855
-1,8.860870168029236E-6
-1,1.1880268437597698E-5
-1,5.523563401864922E-6
-1,0.0810993651159574
-1,5.240074097611844E-8
-1,6.881540771677382E-6
-1,0.01413701265290554
-1,0.0035471783955121766
-1,0.23118591351886683
-1,0.0396823590850232
-1,0.09663008339257276
-1,3.2994433259230178E-6
-1,0.07393532964623367
-1,0.21360584077127168
-1,0.18741519519874952
-1,0.006026238334776799
-1,0.02086217273231875
-1,0.0058436882277506375
-1,0.4007172354071635
-1,2.6897096181988776E-6
-1,0.25244087616659944
-1,0.012036503045329772
-1,0.017409772400018727
-1,0.0066644545981753445
-1,5.050812914502981E-8
-1,0.002997965654311253
-1,0.00701716204908451
-1,0.0455071886036337
-1,0.006053392671436925
-1,0.18686374140673553
-1,1.1878793393389109E-5
-1,0.07005807334521752
-1,1.6097502783357762E-6
-1,0.33268900110866695
-1,0.038546598995751205
-1,0.0028945528074183
-1,0.1267650158729762
-1,1.1092821988853304E-6
-1,0.004469302194174703
-1,0.020723446097111846
-1,1.5101977232222028E-8
-1,0.026105748635382387
-1,7.313828073386049E-7
-1,0.10808364231816563
-1,0.5672266239750796
-1,0.004717976717419283
-1,0.013706095142218523
-1,0.028325006727746956
-1,5.027343366395544E-6
-1,0.006567002389260323
-1,8.655505459248777E-7
-1,0.015546352771262076
-1,1.8774126960780526E-8
-1,6.641545086185271E-8
-1,0.032585979132550055
-1,0.012296741872506962
-1,0.07877773165738394
-1,8.172595991781498E-6
-1,6.918616043130377E-10
-1,0.0033124207362343577
-1,0.004251645989794982
-1,0.09843156973961194
-1,1.2045167276979353E-5
-1,0.14143589444802937
-1,0.02422494635951556
-1,0.007579340255959684
-1,0.006765083416001887
-1,0.016740729415607933
-1,1.573832738942151E-5
-1,0.010967907756462286
-1,2.1024649739068323E-6
-1,0.18191071800974812
-1,1.601776406275583E-6
-1,0.12482802206187638
-1,5.3265715166463336E-8
-1,6.063901822704251E-7
-1,0.02073694010421749
-1,4.614595939930816E-9
-1,8.320339275385736E-6
-1,0.006627620922291573
-1,1.7834956480121613E-5
-1,0.01031872053877608
-1,4.990875282080225E-6
-1,0.030279517234355374
-1,0.03413292582011399
-1,0.010373367481010734
-1,0.003419696389340263
-1,2.282656311922251E-6
-1,0.015839470624777523
-1,6.195274467014051E-6
-1,0.002644743900410275
-1,0.004826327840974873
-1,1.1312568753139597E-5
-1,2.6438331483522475E-6
-1,0.05412723137117023
-1,0.015135193990998762
-1,0.24809615232038654
-1,0.0026395605746391
-1,0.008194160297643407
-1,0.004319890614005271
-1,0.025782802513630423
-1,0.020813102360866035
-1,9.366445164083655E-6
1,0.3773100245381232
1,0.7729038286029645
1,0.7700135695345067
1,0.7317192370907356
1,0.6196193734302953
1,0.7855938851695211
1,0.9376729836836348
1,0.6962782865399332
1,0.3758490374941851
1,0.8371308090422491
1,0.4412267491070402
1,0.08061241869457272
1,0.9335161666015274
1,0.3483915025208442
1,0.3229616333307492
1,0.9463293416632274
1,0.07940031772787921
1,0.3273122222493653
1,0.86459462062061
1,0.2509660529036353
1,0.2716170169925375
1,0.8461070249097743
1,0.9596381701243506
1,0.06938315632973452
1,0.4482621159032579
1,0.5365125738846636
1,0.9386026043934302
1,0.35521796934421146
1,0.9321759016387383
1,0.3349668888325129
1,0.6327187444999374
1,0.6529869991941385
1,0.8122192818332448
1,0.8286964051657605
1,0.8572748815300419
1,0.9656870691437845
1,0.8902281232321247
1,0.36454941214440034
1,0.993404990170121
1,0.8841917957032718
1,0.010884369743508286
1,0.8665321522958357
1,0.6782658036954121
-1,0.004769456872586456
-1,0.4564369030659936
-1,6.952173083807735E-6
-1,0.003112474691239048
-1,0.3482049528411952
-1,0.05797804856442219
-1,0.056221401053691826
-1,1.276637169699048E-5
-1,0.007440126493600295
-1,1.1754921231909197E-6
-1,1.6409503953499635E-6
-1,1.6455525364050098E-7
-1,1.6378644491888281E-6
-1,0.008418236795473965
-1,0.009546133658007711
-1,0.006947787278362417
-1,0.024878874146047385
-1,0.007862806816084077
-1,7.2752493855013056E-6
-1,0.047552929266255345
-1,0.002827317941468821
-1,0.01777429872669645
-1,1.8706069245397642E-8
-1,4.954676772953871E-7
-1,0.0032072531494256543
-1,1.207072463181513E-5
-1,2.5706484281212794E-6
-1,0.01153998886010419
-1,0.08802686517218404
-1,4.891727297879289E-6
-1,0.8104319625859137
-1,0.002891847266032885
-1,0.031223450761696376
-1,0.14026413903796398
-1,0.09705526721631978
-1,0.20652195335810117
-1,0.009844688282230743
-1,1.1822926988675743E-8
-1,0.005118303293007556
-1,0.22092541787119926
-1,0.37355042198449073
-1,0.0045749187432676435
-1,1.0623766279853911E-5
-1,0.8725937336715751
-1,0.01393347264682082
-1,8.913818923362901E-6
-1,0.5106309931265246
-1,9.858599942048456E-6
-1,1.3868454348981976E-7
-1,1.2815839135258561E-5
-1,0.0036496803326621354
-1,0.07148565888611975
-1,0.015079661022110455
-1,0.004672647150823023
-1,0.004873480151467195
-1,0.08391993092944859
-1,0.028658106185623526
-1,1.5209095015131463E-6
-1,0.09248241753065216
-1,4.37238131798654E-6
-1,0.04493145467137663
-1,3.3530511791869352E-9
-1,5.544899813960929E-6
-1,8.51187914003829E-6
-1,0.014917440426737318
-1,0.003239847343148557
-1,4.5487323293893895E-6
-1,0.10904461205917695
-1,2.99215586183527E-7
-1,5.13727830549672E-6
-1,4.325930086028816E-6
-1,0.03873708068880909
-1,0.004774661242125683
-1,0.09829092975084842
-1,0.024976835499532783
-1,0.09154801204775459
-1,8.11075980751789E-9
-1,0.0325508780052938
-1,0.008910141897662942
-1,0.051423166909849355
-1,0.013663861676124942
-1,0.015952317706687213
-1,0.006522852372556576
-1,3.9779780333964465E-11
-1,0.02576285074689768
-1,0.12811911034252793
-1,0.017538191054747913
-1,1.5587403296469375E-8
-1,0.0036543430967286602
-1,7.69159500078E-8
-1,0.03385079437124597
-1,0.07934361417644958
-1,0.4117316897901595
-1,0.023507144692497862
-1,0.013938591058110239
-1,0.026695522735712705
-1,1.9001388820752756E-6
-1,0.0026496185037981046
-1,1.0440143617929782E-6
-1,0.005130432896071829
-1,1.4864020411938631E-6
-1,4.443234373889888E-6
-1,0.01791004302597547
-1,0.63229641031249
-1,0.009863174720439745
-1,3.6369692054420386E-6
-1,0.15495476585759504
-1,0.006549560195151228
-1,2.0521739293778278E-7
-1,7.053929247342516E-6
-1,0.00658066801079646
-1,0.006348799952426106
-1,0.010737017510020342
-1,0.02239173834383454
-1,7.96572217050739E-8
-1,0.050998602740795596
-1,0.019816486588106284
-1,0.010410391962458103
-1,0.03254083159490656
-1,0.006628510772709744
-1,0.005745438428608373
-1,0.04342396803235133
-1,0.006158240084303843
-1,0.006391074997167041
-1,0.023725544966114193
-1,6.609151949604361E-8
-1,0.08354441663411372
-1,1.0131298578168696E-5
-1,3.8772065857088484E-7
-1,2.5056033038125308E-9
-1,5.346497615712893E-7
-1,1.196560765963906E-6
-1,9.823374181650748E-6
-1,0.16152089114235776
-1,0.6569356597449946
-1,0.005524249770945111
-1,1.5620586575816236E-5
-1,0.016813068633196815
-1,8.12904604125758E-7
-1,3.864717127909399E-6
-1,0.005557977675390949
-1,3.635445988942167E-7
-1,0.5673595796129296
-1,0.010325450230367022
-1,0.10269580114887594
-1,1.829271579148668E-8
-1,0.004017384678630537
-1,0.4821581367196199
-1,0.01766223459154292
-1,0.0034620861064953742
-1,1.9974323900221797E-8
-1,0.3817820470724698
-1,0.22025391895210783
-1,0.010091885524608117
-1,0.003791265521095883
-1,0.005809929234353945
-1,0.010154114827807712
-1,0.03297523074598895
-1,1.9255979562199633E-7
-1,1.3460498655297105E-6
-1,0.00969684248129122
-1,4.458259035360362E-6
-1,0.0025637090925452275
-1,0.19456184997123657
-1,0.0146084550297823
-1,5.376189969547287E-6
-1,0.012893043544929175
-1,0.14085945065106864
-1,7.60167132124108E-7
-1,0.0868765152728978
-1,0.009144241314635749
-1,0.11448069801760731
-1,0.02842653336463632
-1,0.005431299017648329
-1,4.288113373002849E-7
-1,0.005429112148984226
-1,6.930028710620797E-6
-1,5.135114370214549E-6
-1,0.06889817181246977
-1,2.1210205453159585E-7
-1,0.05855010651954222
-1,0.0061512326148302765
-1,0.004906087017829988
-1,0.020650219109945016
-1,0.02390788900298235
-1,0.020468255042905323
-1,0.0042620043359640845
-1,0.021177076969578077
-1,2.948943061006635E-6
-1,0.022938001648545345
-1,0.04787730608484935
-1,0.012021382094877409
-1,7.960183902817515E-6
-1,0.09400963528226458
-1,6.099441622236232E-7
-1,0.018248086433194102
-1,0.009610076001266179
-1,1.7695281686355988E-6
-1,0.020243585867856215
-1,0.0074885262455510315
-1,0.003966195175328241
-1,0.007415136721041912
-1,0.04493836134170712
-1,1.2132816318623367E-5
-1,0.050955039972075414
-1,0.06629891248741156
-1,0.021155996845410217
-1,0.002834598620110857
-1,0.009191492881847325
-1,0.024300213858715274
-1,0.02231524372455079
-1,4.20766071808861E-7
-1,0.11060430353255585
-1,0.41002777499945353
-1,7.372462018881916E-6
-1,0.07856350497607924
-1,0.0028126778910393256
-1,0.0501664130512043
-1,0.014119660545734032
-1,1.1133402391956189E-7
-1,0.027295592377964414
-1,0.01502738650491513
-1,0.005184720600542007
-1,1.0010368899805238E-6
-1,0.03527088029990043
-1,0.011257303234147238
-1,0.011715977770656753
-1,9.270658826425697E-8
-1,0.008982836510108491
-1,0.00603158679613507
-1,8.144468600042974E-9
-1,0.029546435476168316
-1,0.03167503455245837
-1,0.00656525638998084
-1,0.4452575106986009
-1,5.840414284620191E-8
-1,0.012944733284927214
-1,1.599039423093827E-5
-1,0.0050672739480287065
-1,1.3292393288444944E-8
-1,0.002666001371465194
-1,9.997133318157923E-8
-1,0.07808919430347572
-1,0.02111778504955363
-1,0.26615598560528275
-1,0.0046954396619967665
-1,1.346810848400107E-6
-1,0.0029073943707928476
-1,0.0032274368590305795
-1,0.02183503443177621
-1,0.05571141085308661
-1,9.13865527811798E-8
-1,0.19383693107940575
-1,4.808591783344933E-6
-1,0.005388414829884311
-1,2.105672696126547E-7
-1,0.013800984256762292
-1,9.783523780026305E-7
-1,0.026529929316591212
-1,0.05179937144130068
-1,0.14298041905940959
-1,0.004927798445816361
-1,1.0563261450062054E-6
-1,0.032186812023391916
-1,0.005339820692425732
-1,0.1808900140936166
-1,0.023734013190005645
-1,0.571925259652549
-1,0.012398629875428327
-1,1.1926653263084598E-6
-1,0.00849915700651515
-1,3.434065132834324E-7
-1,0.016167977627276182
-1,0.008361265045350974
-1,6.631879045225909E-8
-1,0.018462657605224978
-1,0.13607821386817717
-1,0.039738347796039505
-1,1.8044344771842307E-7
-1,0.00818490450015503
-1,0.0025363456646869138
-1,1.982709703716696E-8
-1,0.014067038087396781
1,0.8847966444977912
1,0.20663190178435792
1,0.9737967709548873
1,0.6919497430878225
1,0.8723472425131201
1,0.9438797984120454
1,0.8617112529029168
1,0.8133748543290711
1,0.5790107884157087
1,0.9090111281386574
1,0.5424743208377881
1,0.8053845327371446
1,0.8069167918979819
1,0.9057063033063621
1,0.7338882833238386
1,0.9877044158326432
1,0.5963648092688933
1,0.8497987780420322
1,0.9071441873195838
1,0.012551212836607204
1,0.968041852089948
1,0.8173376460994343
1,0.5279202524273786
1,0.9870387499610751
1,0.9100303056160629
1,0.5
1,0.5830994737884809
1,0.6576174253150835
1,0.24303336897436487
1,0.8787963744498755
1,0.9391640351013968
1,0.9755719972508494
1,0.2657859757017076
1,0.3627869271597177
1,0.31133125457953165
1,0.6920521029780823
1,0.3364337335358633
1,0.9066089316411261
1,0.9500203002589026
1,0.5595050715990348
1,0.0344707373915683
1,0.1857440651091485
1,0.670288903464194
-1,0.0306201028894883
-1,0.019303175477873344
-1,2.460648432144613E-6
-1,1.9144146068053232E-7
-1,0.032215364171336316
-1,0.044015470108204766
-1,1.1326786149657116E-5
-1,0.009163530901363464
-1,0.09448906461726123
-1,0.015641409422529742
-1,0.06194646918855922
-1,1.336704835283622E-7
-1,0.005421852138132913
-1,0.017166505212823775
-1,0.07261156887773475
-1,0.016985412368655695
-1,0.026644280856492595
-1,0.02878717463249905
-1,0.14718262882768474
-1,1.1526137302152059E-5
-1,0.3539554579970297
-1,0.041627419855802414
-1,1.9172151330324037E-5
-1,1.0887391243281994E-7
-1,0.006050062267953975
-1,2.6216358780049315E-7
-1,0.15278227175440381
-1,0.012407106454168934
-1,0.1251606986977203
-1,0.0027423203665796914
-1,0.07330452341301248
-1,0.004142993328819276
-1,1.0084236716392287E-5
-1,3.595343722736849E-7
-1,0.329723883952163
-1,0.01830208763147803
-1,1.4699822022464104E-5
-1,1.7016790344401862E-6
-1,0.20201907344634565
-1,0.04453719940023658
-1,3.3881339468936277E-6
-1,5.368300979141812E-7
-1,0.005866880539064456
-1,6.307151210228479E-8
-1,0.0485030746941949
-1,1.1777035152650673E-8
-1,0.007150369814903344
-1,0.2155593666979418
-1,1.588227829224824E-5
-1,0.008349356225844895
-1,0.014392809026030726
-1,0.44226131558134674
-1,0.044272352449015145
-1,1.5654546131387907E-6
-1,1.7848967832129817E-6
-1,0.007590960662190965
-1,0.08707439012282998
-1,0.3306745156394868
-1,0.004080173321583997
-1,0.006237007510075151
-1,0.02882963215660786
-1,0.01415098602970736
-1,0.04382774045921035
-1,0.030388386018313666
-1,0.00501771389484645
-1,0.006225634622207919
-1,0.01583724552123551
-1,0.1896953375839246
-1,0.007856981093051585
-1,0.00570702543209447
-1,0.1823186105596097
-1,0.09441041528403762
-1,4.992175064298159E-7
-1,9.53778773973978E-9
-1,0.008200409769712962
-1,0.06743991070214038
-1,0.1642024934700265
-1,0.006580926361474897
-1,0.017341877872905007
-1,0.16604197096816406
-1,0.15283796251387363
-1,0.003288268309806887
-1,0.06119246293406461
-1,0.031431676254931734
-1,0.01036521627323242
-1,3.967843536368718E-7
-1,0.050689056278904354
-1,4.308398807268248E-6
-1,4.823808625521626E-8
-1,0.00691188983947274
-1,0.035464596988042385
-1,0.023851083481432996
-1,0.015299523448731485
-1,0.032345591260221865
-1,0.2618064390600188
-1,1.8912137002784817E-6
-1,0.3044881684109062
-1,0.05154105402332313
-1,0.008391197258355758
-1,0.01059521759084895
-1,1.3806965425429979E-8
-1,0.02298693821210391
-1,0.005108448085060983
-1,2.041165048622966E-7
-1,0.009313384768659859
-1,0.018905226361409073
-1,2.1792485655927767E-6
-1,0.053989373944456805
-1,0.005349447964444302
-1,0.02155009623023882
-1,0.003562810018536614
-1,2.081524368271937E-6
-1,1.7425669763411873E-6
-1,0.004429422007605078
-1,6.928510191607072E-8
-1,0.0031870217693122102
-1,1.1326976571234822E-6
-1,0.15243715780372963
-1,2.853484536910434E-7
-1,2.9167145786162093E-7
-1,1.9614323818655953E-6
-1,0.002748243532722311
-1,1.4309091199897543E-5
-1,0.009819150555068105
-1,0.030441927803636498
-1,0.03561590846914988
-1,0.004476379119952159
-1,0.03657856198137606
-1,0.02838401543937462
-1,1.1613746912274123E-6
-1,2.16815618567253E-10
-1,0.04123205491860183
-1,0.0027389397088736097
-1,2.6478460270129076E-6
-1,0.021832863027479464
-1,0.01832738891076851
-1,0.07281782663601487
-1,2.2083002489010434E-7
-1,0.06649549576726986
-1,8.438363705128247E-8
-1,8.754478012106162E-7
-1,1.2818192012950785E-5
-1,0.0025987451545435585
-1,0.013251121058871974
-1,0.007937413751049177
-1,0.0096881973313682
-1,0.08214261883476781
-1,9.011878705416413E-6
-1,0.10224319772744585
-1,6.695898730294888E-9
-1,0.008328447209253817
-1,6.398314347292915E-8
-1,0.005100202383060965
-1,5.709206367988423E-8
-1,0.006647437652269058
-1,0.005900381871493197
-1,6.561117965497385E-7
-1,0.05212042093701492
-1,0.1554768976411907
-1,6.834250968339385E-6
-1,0.01436933803942447
-1,0.0037875086328961935
-1,0.005853837778288224
-1,0.037882137093148686
-1,0.0037929539531449236
-1,5.856936621150994E-7
-1,0.02537597881885648
-1,1.3994276143576595E-7
-1,0.013502877801000778
-1,1.33894447436285E-5
-1,1.1508183164079052E-5
-1,0.2689958820687552
-1,6.62941894563688E-8
-1,0.08002418685951754
-1,0.006652303123828852
-1,0.09086917003023427
-1,0.009417996418418043
-1,3.057527413850502E-12
-1,0.03753898463091661
-1,0.00379801560320828
-1,0.013166677406290619
-1,1.2798993832051218E-5
-1,5.619743274069995E-7
-1,4.310640343473098E-6
-1,0.021681322041822035
-1,0.022806302610818757
-1,0.012189227467691272
-1,5.198169850096372E-9
-1,0.12186836874160667
-1,0.04905345952563216
-1,0.04555238895138281
-1,0.006560693551362538
-1,2.6257372601739282E-9
-1,0.005965669395614727
-1,5.7681986683245E-7
-1,0.054537676194558404
-1,0.5623744949333785
-1,2.5367929886104835E-7
-1,0.015270030748339334
-1,0.5616033193488065
-1,0.004078158074715509
-1,0.6388286291996595
-1,6.086226987910867E-7
-1,0.011655877504938808
-1,0.4184206533029205
-1,1.243278474555063E-5
-1,4.010557777557837E-7
-1,0.08156031898928588
-1,4.419761639914062E-6
-1,0.0847486417770453
-1,0.005891015134673196
-1,2.4624742951651907E-8
-1,0.03832641290831268
-1,0.05615998662903213
-1,0.006210251571528445
-1,1.410647167167174E-7
-1,0.009037198971608526
-1,5.138367796225025E-6
-1,0.008199861055817137
-1,0.008433112112828097
-1,5.231817918195594E-6
-1,1.3581669715540606E-9
-1,2.5855395082132183E-6
-1,0.2984548613755481
-1,7.916933715378882E-7
-1,0.026112332653089366
-1,0.02664530412146488
-1,0.0032154720722466215
-1,0.02735833383148209
-1,6.660326443905704E-8
-1,0.2996259691825625
-1,0.011899054452111828
-1,0.005567100671620944
-1,0.021013551446564287
-1,0.00557143943243234
-1,5.532303346999402E-8
-1,0.01669614255339077
-1,0.005982789352225232
-1,0.0729389751326777
-1,2.0328643143749336E-6
-1,0.5083298817033414
-1,0.006556769935216052
-1,0.009808197835501117
-1,1.4496928876229519E-6
-1,0.06416300984102578
-1,6.632172769351882E-9
-1,0.149822257096831
-1,0.0767598413208724
-1,0.013651043918811912
-1,0.025123065488457875
-1,0.018787213305119156
-1,4.020936725540641E-8
-1,0.006931741824264116
-1,0.04828536380181904
-1,0.0075888718544681825
-1,2.5711158164974506E-6
-1,0.026533666997482108
-1,0.0039472146885293075
-1,8.112399859186241E-6
-1,0.004474071854820656
-1,1.8442420704848669E-6
-1,0.1649881559132991
-1,0.003584051037790793
-1,2.615130502755198E-8
-1,0.003201554021806946
-1,0.3901912631146414
-1,0.012198420303278947
-1,2.628521488574961E-7
-1,0.030770366260068457
-1,4.743221791628212E-6
-1,4.1727149102500546E-7
-1,5.2709270018759026E-8
-1,0.019230090546659424
-1,0.021999173923623976
-1,0.0026121941350152004
-1,7.501064120072018E-6
-1,0.005453642125547489
-1,1.2646755996260266E-8
-1,0.004089281020456955
-1,0.0035624615791825767
-1,7.0407950449537614E-6
-1,0.0065845038717825275
-1,0.1834413341801869